-1 -1 -1.5 , 1 0.5 1 , 
-0.904998 -0.904998 -1.4075 , 201.01 2000.55 21.0055 , 
-0.819515 -0.819515 -1.32953 , 402.04 4010.71 41.122 , 
-0.742651 -0.742651 -1.26524 , 606.095 6051.02 61.5502 , 
-0.673594 -0.673594 -1.21392 , 815.202 8141.75 82.4928 , 
-0.611615 -0.611615 -1.175 , 1031.42 10303.5 104.157 , 
-0.556059 -0.556059 -1.14802 , 1256.89 12557.7 126.755 , 
-0.506338 -0.506338 -1.13265 , 1493.81 14926.2 150.509 , 
-0.461927 -0.461927 -1.12868 , 1744.5 17432.3 175.65 , 
-0.422355 -0.422355 -1.13602 , 2011.39 20100.3 202.423 , 
-0.387202 -0.387202 -1.15469 , 2297.07 22956.1 231.088 , 
-0.356096 -0.356096 -1.18481 , 2604.31 26027.3 261.922 , 
-0.328704 -0.328704 -1.22662 , 2936.07 29343.6 295.223 , 
-0.304735 -0.304735 -1.2805 , 3295.55 32936.9 331.311 , 
-0.283932 -0.283932 -1.34692 , 3686.2 36841.8 370.534 , 
-0.266071 -0.266071 -1.42647 , 4111.79 41095.8 413.267 , 
-0.25096 -0.25096 -1.5199 , 4576.38 45739.7 459.922 , 
-0.238432 -0.238432 -1.62806 , 5084.44 50818 510.945 , 
-0.228351 -0.228351 -1.75197 , 5640.83 56379.4 566.826 , 
-0.220604 -0.220604 -1.89279 , 6250.87 62477 628.097 , 
-0.215101 -0.215101 -2.05183 , 6920.4 69169.1 695.347 , 
-0.211776 -0.211776 -2.23061 , 7655.83 76519.9 769.217 , 
-0.210585 -0.210585 -2.43081 , 8464.17 84599.5 850.413 , 
-0.211506 -0.211506 -2.65432 , 9353.15 93485 939.712 , 
-0.214538 -0.214538 -2.90328 , 10331.3 103261 1037.97 , 
-0.2197 -0.2197 -3.18003 , 11407.8 114022 1146.11 , 
-0.227033 -0.227033 -3.48721 , 12593.2 125870 1265.19 , 
-0.236601 -0.236601 -3.82775 , 13898.6 138917 1396.32 , 
-0.248487 -0.248487 -4.20487 , 15336.5 153290 1540.77 , 
-0.262799 -0.262799 -4.62218 , 16920.7 169124 1699.91 , 
-0.279669 -0.279669 -5.08365 , 18666.2 186571 1875.27 , 
-0.299251 -0.299251 -5.59366 , 20589.7 205797 2068.5 , 
-0.321729 -0.321729 -6.15709 , 22709.7 226986 2281.47 , 
-0.347313 -0.347313 -6.7793 , 25046.2 250340 2516.2 , 
-0.376244 -0.376244 -7.46623 , 27621.6 276082 2774.92 , 
-0.408794 -0.408794 -8.22441 , 30460.5 304457 3060.12 , 
-0.44527 -0.44527 -9.06109 , 33590 335736 3374.51 , 
-0.486019 -0.486019 -9.98424 , 37039.8 370218 3721.08 , 
-0.531426 -0.531426 -11.0027 , 40843 408231 4103.15 , 
-0.581923 -0.581923 -12.1261 , 45035.8 450139 4524.36 , 
-0.637989 -0.637989 -13.3652 , 49658.2 496340 4988.73 , 
-0.700157 -0.700157 -14.7318 , 54754.3 547276 5500.68 , 
-0.76902 -0.76902 -16.239 , 60372.7 603433 6065.11 , 
-0.845231 -0.845231 -17.9011 , 66567 665346 6687.4 , 
-0.929518 -0.929518 -19.734 , 73396.3 733606 7373.48 , 
-1.02268 -1.02268 -21.7551 , 80925.8 808864 8129.9 , 
-1.12561 -1.12561 -23.9838 , 89227.3 891838 8963.87 , 
-1.23929 -1.23929 -26.4413 , 98379.9 983320 9883.36 , 
-1.3648 -1.3648 -29.1511 , 108471 1.08418e+06 10897.1 , 
-1.50333 -1.50333 -32.1389 , 119597 1.19539e+06 12014.8 , 
-1.65621 -1.65621 -35.4334 , 131864 1.318e+06 13247.2 , 
-1.8249 -1.8249 -39.0659 , 145389 1.45318e+06 14605.9 , 
-2.011 -2.011 -43.071 , 160300 1.60222e+06 16103.9 , 
-2.21629 -2.21629 -47.4871 , 176741 1.76655e+06 17755.6 , 
-2.44272 -2.44272 -52.3561 , 194868 1.94773e+06 19576.6 , 
-2.69247 -2.69247 -57.7246 , 214854 2.14749e+06 21584.4 , 
-2.9679 -2.9679 -63.6438 , 236889 2.36774e+06 23798.1 , 
-3.27164 -3.27164 -70.1701 , 261184 2.61057e+06 26238.9 , 
-3.6066 -3.6066 -77.3658 , 287971 2.87831e+06 28929.9 , 
-3.97597 -3.97597 -85.2996 , 317505 3.17351e+06 31896.9 , 
-4.38327 -4.38327 -94.0471 , 350068 3.49898e+06 35168.2 , 
-4.83239 -4.83239 -103.692 , 385970 3.85782e+06 38775 , 
-5.3276 -5.3276 -114.326 , 425555 4.25347e+06 42751.7 , 
-5.87364 -5.87364 -126.05 , 469198 4.6897e+06 47136.2 , 
-6.47572 -6.47572 -138.977 , 517318 5.17067e+06 51970.3 , 
-7.13957 -7.13957 -153.23 , 570373 5.70096e+06 57300.3 , 
-7.87153 -7.87153 -168.944 , 628869 6.28563e+06 63176.8 , 
-8.67858 -8.67858 -186.27 , 693364 6.93027e+06 69656.1 , 
-9.56843 -9.56843 -205.373 , 764474 7.64102e+06 76799.8 , 
-10.5496 -10.5496 -226.435 , 842876 8.42466e+06 84676.2 , 
-11.6313 -11.6313 -249.658 , 929319 9.28866e+06 93360.3 , 
-12.824 -12.824 -275.262 , 1.02463e+06 1.02413e+07 102935 , 
-14.1391 -14.1391 -303.491 , 1.12971e+06 1.12916e+07 113492 , 
-15.589 -15.589 -334.616 , 1.24557e+06 1.24496e+07 125131 , 
-17.1877 -17.1877 -368.933 , 1.37331e+06 1.37264e+07 137964 , 
-18.9503 -18.9503 -406.77 , 1.51415e+06 1.51342e+07 152113 , 
-20.8937 -20.8937 -448.487 , 1.66944e+06 1.66863e+07 167714 , 
-23.0364 -23.0364 -494.482 , 1.84065e+06 1.83976e+07 184914 , 
-25.3989 -25.3989 -545.195 , 2.02942e+06 2.02844e+07 203878 , 
-28.0036 -28.0036 -601.108 , 2.23756e+06 2.23647e+07 224787 , 
-30.8755 -30.8755 -662.756 , 2.46703e+06 2.46583e+07 247841 , 
-34.042 -34.042 -730.726 , 2.72004e+06 2.71872e+07 273258 , 
-37.5332 -37.5332 -805.667 , 2.999e+06 2.99754e+07 301283 , 
-41.3824 -41.3824 -888.293 , 3.30657e+06 3.30496e+07 332182 , 
-45.6264 -45.6264 -979.394 , 3.64568e+06 3.64391e+07 366249 , 
-50.3057 -50.3057 -1079.84 , 4.01957e+06 4.01762e+07 403811 , 
-55.4648 -55.4648 -1190.58 , 4.43181e+06 4.42965e+07 445224 , 
-61.1531 -61.1531 -1312.68 , 4.88632e+06 4.88394e+07 490885 , 
-67.4248 -67.4248 -1447.31 , 5.38745e+06 5.38483e+07 541229 , 
-74.3396 -74.3396 -1595.74 , 5.93997e+06 5.93708e+07 596735 , 
-81.9636 -81.9636 -1759.39 , 6.54915e+06 6.54596e+07 657935 , 
-90.3696 -90.3696 -1939.83 , 7.22081e+06 7.2173e+07 725410 , 
-99.6376 -99.6376 -2138.78 , 7.96136e+06 7.95748e+07 799806 , 
-109.856 -109.856 -2358.12 , 8.77785e+06 8.77358e+07 881832 , 
-121.123 -121.123 -2599.96 , 9.67808e+06 9.67337e+07 972270 , 
-133.544 -133.544 -2866.61 , 1.06706e+07 1.06654e+08 1.07198e+06 , 
-147.24 -147.24 -3160.6 , 1.1765e+07 1.17593e+08 1.18192e+06 , 
-162.341 -162.341 -3484.74 , 1.29716e+07 1.29652e+08 1.30314e+06 , 
-178.99 -178.99 -3842.12 , 1.43019e+07 1.42949e+08 1.43678e+06 , 
-197.347 -197.347 -4236.16 , 1.57686e+07 1.5761e+08 1.58413e+06 , 
-217.586 -217.586 -4670.61 , 1.73858e+07 1.73774e+08 1.7466e+06 , 
-239.901 -239.901 -5149.61 , 1.91689e+07 1.91595e+08 1.92572e+06 , 
-264.504 -264.504 -5677.74 , 2.11347e+07 2.11245e+08 2.12322e+06 , 
-291.631 -291.631 -6260.03 , 2.33023e+07 2.32909e+08 2.34097e+06 , 
-321.54 -321.54 -6902.04 , 2.56921e+07 2.56796e+08 2.58105e+06 , 
-354.516 -354.516 -7609.89 , 2.8327e+07 2.83132e+08 2.84576e+06 , 
-390.874 -390.874 -8390.33 , 3.12321e+07 3.12169e+08 3.13761e+06 , 
-430.961 -430.961 -9250.82 , 3.44352e+07 3.44184e+08 3.45939e+06 , 
-475.159 -475.159 -10199.6 , 3.79667e+07 3.79482e+08 3.81418e+06 , 
-523.89 -523.89 -11245.6 , 4.18605e+07 4.18401e+08 4.20535e+06 , 
-577.618 -577.618 -12398.9 , 4.61535e+07 4.61311e+08 4.63663e+06 , 
-636.857 -636.857 -13670.5 , 5.08869e+07 5.08621e+08 5.11215e+06 , 
-702.171 -702.171 -15072.5 , 5.61057e+07 5.60784e+08 5.63644e+06 , 
-774.183 -774.183 -16618.3 , 6.18597e+07 6.18296e+08 6.21449e+06 , 
-853.581 -853.581 -18322.6 , 6.82039e+07 6.81707e+08 6.85183e+06 , 
-941.122 -941.122 -20201.7 , 7.51987e+07 7.51621e+08 7.55453e+06 , 
-1037.64 -1037.64 -22273.5 , 8.29108e+07 8.28704e+08 8.3293e+06 , 
-1144.06 -1144.06 -24557.8 , 9.14139e+07 9.13694e+08 9.18353e+06 , 
-1261.39 -1261.39 -27076.4 , 1.00789e+08 1.0074e+09 1.01254e+07 , 
-1390.75 -1390.75 -29853.3 , 1.11126e+08 1.11072e+09 1.11638e+07 , 
-1533.38 -1533.38 -32915 , 1.22522e+08 1.22463e+09 1.23087e+07 , 
-1690.64 -1690.64 -36290.6 , 1.35088e+08 1.35022e+09 1.35711e+07 , 
-1864.03 -1864.03 -40012.5 , 1.48942e+08 1.48869e+09 1.49629e+07 , 
-2055.2 -2055.2 -44116 , 1.64217e+08 1.64137e+09 1.64974e+07 , 
-2265.97 -2265.97 -48640.4 , 1.81059e+08 1.8097e+09 1.81893e+07 , 
-2498.36 -2498.36 -53628.8 , 1.99627e+08 1.9953e+09 2.00548e+07 , 
-2754.59 -2754.59 -59128.8 , 2.20101e+08 2.19993e+09 2.21115e+07 , 
-3037.09 -3037.09 -65192.9 , 2.42673e+08 2.42555e+09 2.43792e+07 , 
-3348.57 -3348.57 -71878.9 , 2.67561e+08 2.67431e+09 2.68795e+07 , 
-3691.98 -3691.98 -79250.5 , 2.95001e+08 2.94858e+09 2.96361e+07 , 
-4070.62 -4070.62 -87378.2 , 3.25256e+08 3.25098e+09 3.26755e+07 , 
-4488.09 -4488.09 -96339.5 , 3.58613e+08 3.58439e+09 3.60266e+07 , 
-4948.38 -4948.38 -106220 , 3.95391e+08 3.95199e+09 3.97214e+07 , 
-5455.87 -5455.87 -117113 , 4.35941e+08 4.35729e+09 4.37951e+07 , 
-6015.4 -6015.4 -129124 , 4.8065e+08 4.80416e+09 4.82866e+07 , 
-6632.32 -6632.32 -142367 , 5.29944e+08 5.29686e+09 5.32387e+07 , 
-7312.51 -7312.51 -156967 , 5.84294e+08 5.84009e+09 5.86987e+07 , 
-8062.46 -8062.46 -173065 , 6.44217e+08 6.43903e+09 6.47187e+07 , 
-8889.32 -8889.32 -190814 , 7.10286e+08 7.0994e+09 7.1356e+07 , 
-9800.99 -9800.99 -210384 , 7.8313e+08 7.82749e+09 7.86741e+07 , 
-10806.1 -10806.1 -231960 , 8.63446e+08 8.63026e+09 8.67427e+07 , 
-11914.4 -11914.4 -255749 , 9.51998e+08 9.51535e+09 9.56387e+07 , 
-13136.3 -13136.3 -281978 , 1.04963e+09 1.04912e+10 1.05447e+08 , 
-14483.5 -14483.5 -310897 , 1.15728e+09 1.15672e+10 1.16261e+08 , 
-15968.9 -15968.9 -342781 , 1.27597e+09 1.27535e+10 1.28185e+08 , 
-17606.6 -17606.6 -377936 , 1.40683e+09 1.40614e+10 1.41331e+08 , 
-19412.3 -19412.3 -416696 , 1.5511e+09 1.55035e+10 1.55826e+08 , 
-21403.2 -21403.2 -459431 , 1.71018e+09 1.70935e+10 1.71807e+08 , 
-23598.2 -23598.2 -506549 , 1.88557e+09 1.88465e+10 1.89427e+08 , 
-26018.4 -26018.4 -558499 , 2.07895e+09 2.07794e+10 2.08853e+08 , 
-28686.7 -28686.7 -615777 , 2.29216e+09 2.29105e+10 2.30273e+08 , 
-31628.7 -31628.7 -678929 , 2.52724e+09 2.52601e+10 2.53889e+08 , 
-34872.5 -34872.5 -748558 , 2.78642e+09 2.78507e+10 2.79927e+08 , 
-38448.9 -38448.9 -825327 , 3.07219e+09 3.0707e+10 3.08635e+08 , 
-42392.1 -42392.1 -909970 , 3.38726e+09 3.38562e+10 3.40288e+08 , 
-46739.7 -46739.7 -1.00329e+06 , 3.73465e+09 3.73283e+10 3.75187e+08 , 
-51533.2 -51533.2 -1.10619e+06 , 4.11767e+09 4.11566e+10 4.13665e+08 , 
-56818.2 -56818.2 -1.21964e+06 , 4.53996e+09 4.53775e+10 4.56089e+08 , 
-62645.3 -62645.3 -1.34472e+06 , 5.00557e+09 5.00313e+10 5.02864e+08 , 
-69070 -69070 -1.48263e+06 , 5.51892e+09 5.51623e+10 5.54436e+08 , 
-76153.7 -76153.7 -1.63468e+06 , 6.08492e+09 6.08196e+10 6.11298e+08 , 
-83963.7 -83963.7 -1.80233e+06 , 6.70897e+09 6.70571e+10 6.7399e+08 , 
-92574.8 -92574.8 -1.98717e+06 , 7.39703e+09 7.39343e+10 7.43113e+08 , 
-102069 -102069 -2.19097e+06 , 8.15564e+09 8.15167e+10 8.19324e+08 , 
-112537 -112537 -2.41567e+06 , 8.99206e+09 8.98768e+10 9.03351e+08 , 
-124078 -124078 -2.66341e+06 , 9.91426e+09 9.90943e+10 9.95996e+08 , 
-136803 -136803 -2.93656e+06 , 1.0931e+10 1.09257e+11 1.09814e+09 , 
-150833 -150833 -3.23773e+06 , 1.20521e+10 1.20462e+11 1.21076e+09 , 
-166302 -166302 -3.56978e+06 , 1.32881e+10 1.32816e+11 1.33494e+09 , 
-183358 -183358 -3.93588e+06 , 1.46509e+10 1.46438e+11 1.47184e+09 , 
-202163 -202163 -4.33954e+06 , 1.61534e+10 1.61456e+11 1.62279e+09 , 
-222896 -222896 -4.78459e+06 , 1.78101e+10 1.78014e+11 1.78922e+09 , 
-245755 -245755 -5.27528e+06 , 1.96366e+10 1.96271e+11 1.97272e+09 , 
-270959 -270959 -5.81629e+06 , 2.16505e+10 2.164e+11 2.17503e+09 , 
-298748 -298748 -6.41279e+06 , 2.38709e+10 2.38593e+11 2.3981e+09 , 
-329386 -329386 -7.07047e+06 , 2.6319e+10 2.63062e+11 2.64404e+09 , 
-363167 -363167 -7.7956e+06 , 2.90182e+10 2.90041e+11 2.9152e+09 , 
-400413 -400413 -8.59509e+06 , 3.19943e+10 3.19787e+11 3.21418e+09 , 
-441478 -441478 -9.47657e+06 , 3.52755e+10 3.52583e+11 3.54381e+09 , 
-486754 -486754 -1.04485e+07 , 3.88932e+10 3.88743e+11 3.90726e+09 , 
-536674 -536674 -1.152e+07 , 4.2882e+10 4.28611e+11 4.30797e+09 , 
-591714 -591714 -1.27015e+07 , 4.72799e+10 4.72568e+11 4.74978e+09 , 
-652398 -652398 -1.40041e+07 , 5.21287e+10 5.21034e+11 5.23691e+09 , 
-719306 -719306 -1.54403e+07 , 5.74749e+10 5.74469e+11 5.77399e+09 , 
-793076 -793076 -1.70238e+07 , 6.33693e+10 6.33385e+11 6.36615e+09 , 
-874411 -874411 -1.87697e+07 , 6.98683e+10 6.98343e+11 7.01904e+09 , 
-964088 -964088 -2.06947e+07 , 7.70338e+10 7.69963e+11 7.73889e+09 , 
-1.06296e+06 -1.06296e+06 -2.28171e+07 , 8.49341e+10 8.48928e+11 8.53257e+09 , 
-1.17198e+06 -1.17198e+06 -2.51571e+07 , 9.36447e+10 9.35991e+11 9.40764e+09 , 
-1.29217e+06 -1.29217e+06 -2.77372e+07 , 1.03249e+11 1.03198e+12 1.03725e+10 , 
-1.42469e+06 -1.42469e+06 -3.05818e+07 , 1.13837e+11 1.13782e+12 1.14362e+10 , 
-1.5708e+06 -1.5708e+06 -3.37182e+07 , 1.25512e+11 1.25451e+12 1.26091e+10 , 
-1.7319e+06 -1.7319e+06 -3.71762e+07 , 1.38384e+11 1.38317e+12 1.39022e+10 , 
-1.90952e+06 -1.90952e+06 -4.09889e+07 , 1.52577e+11 1.52502e+12 1.5328e+10 , 
-2.10535e+06 -2.10535e+06 -4.51926e+07 , 1.68224e+11 1.68143e+12 1.69e+10 , 
-2.32127e+06 -2.32127e+06 -4.98274e+07 , 1.85477e+11 1.85387e+12 1.86332e+10 , 
-2.55933e+06 -2.55933e+06 -5.49376e+07 , 2.04499e+11 2.04399e+12 2.05442e+10 , 
-2.82181e+06 -2.82181e+06 -6.05718e+07 , 2.25472e+11 2.25362e+12 2.26511e+10 , 
-3.11121e+06 -3.11121e+06 -6.67838e+07 , 2.48595e+11 2.48474e+12 2.49742e+10 , 
-3.43028e+06 -3.43028e+06 -7.3633e+07 , 2.74091e+11 2.73957e+12 2.75354e+10 , 
-3.78208e+06 -3.78208e+06 -8.11845e+07 , 3.022e+11 3.02053e+12 3.03594e+10 , 
-4.16996e+06 -4.16996e+06 -8.95106e+07 , 3.33193e+11 3.33031e+12 3.34729e+10 , 
-4.59762e+06 -4.59762e+06 -9.86905e+07 , 3.67364e+11 3.67186e+12 3.69058e+10 , 
-5.06913e+06 -5.06913e+06 -1.08812e+08 , 4.0504e+11 4.04843e+12 4.06908e+10 , 
-5.58901e+06 -5.58901e+06 -1.19971e+08 , 4.4658e+11 4.46363e+12 4.48639e+10 , 
-6.1622e+06 -6.1622e+06 -1.32275e+08 , 4.9238e+11 4.9214e+12 4.9465e+10 , 
-6.79418e+06 -6.79418e+06 -1.45841e+08 , 5.42877e+11 5.42612e+12 5.45379e+10 , 
-7.49097e+06 -7.49097e+06 -1.60798e+08 , 5.98552e+11 5.98261e+12 6.01312e+10 , 
-8.25922e+06 -8.25922e+06 -1.77289e+08 , 6.59938e+11 6.59617e+12 6.62981e+10 , 
-9.10625e+06 -9.10625e+06 -1.95471e+08 , 7.27619e+11 7.27265e+12 7.30974e+10 , 
-1.00402e+07 -1.00402e+07 -2.15518e+08 , 8.02242e+11 8.01851e+12 8.0594e+10 , 
-1.10699e+07 -1.10699e+07 -2.37621e+08 , 8.84517e+11 8.84087e+12 8.88595e+10 , 
-1.22051e+07 -1.22051e+07 -2.6199e+08 , 9.7523e+11 9.74756e+12 9.79726e+10 , 
-1.34569e+07 -1.34569e+07 -2.88859e+08 , 1.07525e+12 1.07472e+13 1.0802e+11 , 
-1.4837e+07 -1.4837e+07 -3.18484e+08 , 1.18552e+12 1.18494e+13 1.19099e+11 , 
-1.63586e+07 -1.63586e+07 -3.51147e+08 , 1.3071e+12 1.30647e+13 1.31313e+11 , 
-1.80363e+07 -1.80363e+07 -3.87159e+08 , 1.44116e+12 1.44046e+13 1.4478e+11 , 
-1.9886e+07 -1.9886e+07 -4.26865e+08 , 1.58896e+12 1.58818e+13 1.59628e+11 , 
-2.19255e+07 -2.19255e+07 -4.70643e+08 , 1.75192e+12 1.75106e+13 1.75999e+11 , 
-2.41741e+07 -2.41741e+07 -5.1891e+08 , 1.93159e+12 1.93065e+13 1.94049e+11 , 
-2.66533e+07 -2.66533e+07 -5.72128e+08 , 2.12968e+12 2.12865e+13 2.1395e+11 , 
-2.93868e+07 -2.93868e+07 -6.30804e+08 , 2.3481e+12 2.34696e+13 2.35892e+11 , 
-3.24006e+07 -3.24006e+07 -6.95497e+08 , 2.58891e+12 2.58765e+13 2.60085e+11 , 
-3.57235e+07 -3.57235e+07 -7.66825e+08 , 2.85442e+12 2.85303e+13 2.86758e+11 , 
-3.93872e+07 -3.93872e+07 -8.45468e+08 , 3.14716e+12 3.14563e+13 3.16167e+11 , 
-4.34266e+07 -4.34266e+07 -9.32177e+08 , 3.46993e+12 3.46824e+13 3.48592e+11 , 
-4.78803e+07 -4.78803e+07 -1.02778e+09 , 3.82579e+12 3.82393e+13 3.84343e+11 , 
-5.27907e+07 -5.27907e+07 -1.13318e+09 , 4.21815e+12 4.2161e+13 4.2376e+11 , 
-5.82048e+07 -5.82048e+07 -1.2494e+09 , 4.65075e+12 4.64849e+13 4.67219e+11 , 
-6.41741e+07 -6.41741e+07 -1.37753e+09 , 5.12772e+12 5.12522e+13 5.15136e+11 , 
-7.07556e+07 -7.07556e+07 -1.51881e+09 , 5.6536e+12 5.65085e+13 5.67967e+11 , 
-7.80121e+07 -7.80121e+07 -1.67457e+09 , 6.23342e+12 6.23038e+13 6.26216e+11 , 
-8.60127e+07 -8.60127e+07 -1.84631e+09 , 6.8727e+12 6.86935e+13 6.90438e+11 , 
-9.48339e+07 -9.48339e+07 -2.03567e+09 , 7.57754e+12 7.57385e+13 7.61247e+11 , 
-1.0456e+08 -1.0456e+08 -2.24444e+09 , 8.35467e+12 8.3506e+13 8.39319e+11 , 
-1.15283e+08 -1.15283e+08 -2.47462e+09 , 9.2115e+12 9.20701e+13 9.25396e+11 , 
-1.27106e+08 -1.27106e+08 -2.72841e+09 , 1.01562e+13 1.01513e+14 1.0203e+12 , 
-1.40142e+08 -1.40142e+08 -3.00823e+09 , 1.11978e+13 1.11923e+14 1.12494e+12 , 
-1.54514e+08 -1.54514e+08 -3.31674e+09 , 1.23462e+13 1.23402e+14 1.24031e+12 , 
-1.70361e+08 -1.70361e+08 -3.65689e+09 , 1.36124e+13 1.36058e+14 1.36751e+12 , 
-1.87833e+08 -1.87833e+08 -4.03193e+09 , 1.50084e+13 1.50011e+14 1.50776e+12 , 
-2.07096e+08 -2.07096e+08 -4.44544e+09 , 1.65476e+13 1.65396e+14 1.66239e+12 , 
-2.28335e+08 -2.28335e+08 -4.90135e+09 , 1.82447e+13 1.82358e+14 1.83288e+12 , 
-2.51753e+08 -2.51753e+08 -5.40401e+09 , 2.01158e+13 2.01061e+14 2.02086e+12 , 
-2.77571e+08 -2.77571e+08 -5.95823e+09 , 2.21789e+13 2.21681e+14 2.22811e+12 , 
-3.06038e+08 -3.06038e+08 -6.56929e+09 , 2.44535e+13 2.44416e+14 2.45662e+12 , 
-3.37425e+08 -3.37425e+08 -7.24301e+09 , 2.69613e+13 2.69482e+14 2.70856e+12 , 
-3.7203e+08 -3.7203e+08 -7.98584e+09 , 2.97264e+13 2.97119e+14 2.98634e+12 , 
-4.10184e+08 -4.10184e+08 -8.80484e+09 , 3.2775e+13 3.27591e+14 3.29261e+12 , 
-4.52251e+08 -4.52251e+08 -9.70783e+09 , 3.61363e+13 3.61188e+14 3.63029e+12 , 
-4.98633e+08 -4.98633e+08 -1.07034e+10 , 3.98424e+13 3.9823e+14 4.00261e+12 , 
-5.49771e+08 -5.49771e+08 -1.18012e+10 , 4.39285e+13 4.39071e+14 4.4131e+12 , 
-6.06154e+08 -6.06154e+08 -1.30114e+10 , 4.84337e+13 4.84101e+14 4.86569e+12 , 
-6.68319e+08 -6.68319e+08 -1.43459e+10 , 5.34009e+13 5.33749e+14 5.3647e+12 , 
-7.3686e+08 -7.3686e+08 -1.58171e+10 , 5.88775e+13 5.88488e+14 5.91489e+12 , 
-8.1243e+08 -8.1243e+08 -1.74393e+10 , 6.49158e+13 6.48842e+14 6.52151e+12 , 
-8.9575e+08 -8.9575e+08 -1.92278e+10 , 7.15733e+13 7.15385e+14 7.19033e+12 , 
-9.87615e+08 -9.87615e+08 -2.11997e+10 , 7.89137e+13 7.88753e+14 7.92775e+12 , 
-1.0889e+09 -1.0889e+09 -2.33739e+10 , 8.70068e+13 8.69645e+14 8.74079e+12 , 
-1.20058e+09 -1.20058e+09 -2.57711e+10 , 9.59299e+13 9.58833e+14 9.63722e+12 , 
-1.3237e+09 -1.3237e+09 -2.84141e+10 , 1.05768e+14 1.05717e+15 1.06256e+13 , 
-1.45946e+09 -1.45946e+09 -3.13281e+10 , 1.16615e+14 1.16559e+15 1.17153e+13 , 
-1.60914e+09 -1.60914e+09 -3.4541e+10 , 1.28575e+14 1.28513e+15 1.29168e+13 , 
-1.77416e+09 -1.77416e+09 -3.80835e+10 , 1.41761e+14 1.41692e+15 1.42415e+13 , 
-1.95612e+09 -1.95612e+09 -4.19892e+10 , 1.563e+14 1.56224e+15 1.57021e+13 , 
-2.15673e+09 -2.15673e+09 -4.62955e+10 , 1.7233e+14 1.72246e+15 1.73124e+13 , 
-2.37792e+09 -2.37792e+09 -5.10434e+10 , 1.90003e+14 1.89911e+15 1.90879e+13 , 
-2.62179e+09 -2.62179e+09 -5.62782e+10 , 2.09489e+14 2.09388e+15 2.10455e+13 , 
-2.89067e+09 -2.89067e+09 -6.20499e+10 , 2.30974e+14 2.30862e+15 2.32039e+13 , 
-3.18713e+09 -3.18713e+09 -6.84136e+10 , 2.54662e+14 2.54538e+15 2.55836e+13 , 
-3.51399e+09 -3.51399e+09 -7.54299e+10 , 2.80779e+14 2.80643e+15 2.82074e+13 , 
-3.87438e+09 -3.87438e+09 -8.31657e+10 , 3.09575e+14 3.09425e+15 3.11002e+13 , 
-4.27172e+09 -4.27172e+09 -9.16949e+10 , 3.41324e+14 3.41158e+15 3.42898e+13 , 
-4.70982e+09 -4.70982e+09 -1.01099e+11 , 3.76329e+14 3.76146e+15 3.78064e+13 , 
-5.19284e+09 -5.19284e+09 -1.11467e+11 , 4.14925e+14 4.14723e+15 4.16838e+13 , 
-5.7254e+09 -5.7254e+09 -1.22899e+11 , 4.57478e+14 4.57255e+15 4.59587e+13 , 
-6.31258e+09 -6.31258e+09 -1.35503e+11 , 5.04396e+14 5.0415e+15 5.06721e+13 , 
-6.95998e+09 -6.95998e+09 -1.494e+11 , 5.56125e+14 5.55854e+15 5.58689e+13 , 
-7.67377e+09 -7.67377e+09 -1.64722e+11 , 6.13159e+14 6.12861e+15 6.15986e+13 , 
-8.46077e+09 -8.46077e+09 -1.81615e+11 , 6.76043e+14 6.75714e+15 6.7916e+13 , 
-9.32848e+09 -9.32848e+09 -2.00241e+11 , 7.45376e+14 7.45013e+15 7.48812e+13 , 
-1.02852e+10 -1.02852e+10 -2.20777e+11 , 8.21819e+14 8.21419e+15 8.25608e+13 , 
-1.134e+10 -1.134e+10 -2.4342e+11 , 9.06102e+14 9.05661e+15 9.1028e+13 , 
-1.2503e+10 -1.2503e+10 -2.68384e+11 , 9.99029e+14 9.98543e+15 1.00364e+14 , 
-1.37853e+10 -1.37853e+10 -2.95908e+11 , 1.10149e+15 1.10095e+16 1.10656e+14 , 
-1.5199e+10 -1.5199e+10 -3.26256e+11 , 1.21445e+15 1.21386e+16 1.22005e+14 , 
-1.67578e+10 -1.67578e+10 -3.59716e+11 , 1.339e+15 1.33835e+16 1.34518e+14 , 
-1.84764e+10 -1.84764e+10 -3.96607e+11 , 1.47633e+15 1.47561e+16 1.48313e+14 , 
-2.03713e+10 -2.03713e+10 -4.37282e+11 , 1.62773e+15 1.62694e+16 1.63524e+14 , 
-2.24605e+10 -2.24605e+10 -4.82128e+11 , 1.79467e+15 1.7938e+16 1.80294e+14 , 
-2.4764e+10 -2.4764e+10 -5.31574e+11 , 1.97872e+15 1.97776e+16 1.98785e+14 , 
-2.73037e+10 -2.73037e+10 -5.8609e+11 , 2.18166e+15 2.18059e+16 2.19171e+14 , 
-3.01039e+10 -3.01039e+10 -6.46198e+11 , 2.4054e+15 2.40423e+16 2.41649e+14 , 
-3.31913e+10 -3.31913e+10 -7.1247e+11 , 2.65209e+15 2.6508e+16 2.66432e+14 , 
-3.65953e+10 -3.65953e+10 -7.85538e+11 , 2.92408e+15 2.92266e+16 2.93756e+14 , 
-4.03484e+10 -4.03484e+10 -8.66101e+11 , 3.22396e+15 3.2224e+16 3.23883e+14 , 
-4.44864e+10 -4.44864e+10 -9.54925e+11 , 3.5546e+15 3.55287e+16 3.57099e+14 , 
-4.90487e+10 -4.90487e+10 -1.05286e+12 , 3.91915e+15 3.91725e+16 3.93722e+14 , 
-5.4079e+10 -5.4079e+10 -1.16084e+12 , 4.32109e+15 4.31899e+16 4.34101e+14 , 
-5.96252e+10 -5.96252e+10 -1.27989e+12 , 4.76425e+15 4.76193e+16 4.78621e+14 , 
-6.57402e+10 -6.57402e+10 -1.41115e+12 , 5.25285e+15 5.2503e+16 5.27707e+14 , 
-7.24823e+10 -7.24823e+10 -1.55587e+12 , 5.79157e+15 5.78875e+16 5.81827e+14 , 
-7.99158e+10 -7.99158e+10 -1.71544e+12 , 6.38553e+15 6.38243e+16 6.41497e+14 , 
-8.81118e+10 -8.81118e+10 -1.89137e+12 , 7.04041e+15 7.03699e+16 7.07287e+14 , 
-9.71482e+10 -9.71482e+10 -2.08534e+12 , 7.76246e+15 7.75868e+16 7.79825e+14 , 
-1.07111e+11 -1.07111e+11 -2.29921e+12 , 8.55855e+15 8.55439e+16 8.59801e+14 , 
-1.18096e+11 -1.18096e+11 -2.53501e+12 , 9.43629e+15 9.4317e+16 9.47979e+14 , 
-1.30208e+11 -1.30208e+11 -2.79499e+12 , 1.0404e+16 1.0399e+17 1.0452e+15 , 
-1.43562e+11 -1.43562e+11 -3.08164e+12 , 1.14711e+16 1.14655e+17 1.15239e+15 , 
-1.58285e+11 -1.58285e+11 -3.39768e+12 , 1.26475e+16 1.26413e+17 1.27058e+15 , 
-1.74518e+11 -1.74518e+11 -3.74614e+12 , 1.39446e+16 1.39378e+17 1.40089e+15 , 
-1.92416e+11 -1.92416e+11 -4.13033e+12 , 1.53747e+16 1.53672e+17 1.54456e+15 , 
-2.1215e+11 -2.1215e+11 -4.55392e+12 , 1.69515e+16 1.69432e+17 1.70296e+15 , 
-2.33907e+11 -2.33907e+11 -5.02096e+12 , 1.869e+16 1.86809e+17 1.87761e+15 , 
-2.57896e+11 -2.57896e+11 -5.53589e+12 , 2.06067e+16 2.05967e+17 2.07017e+15 , 
-2.84345e+11 -2.84345e+11 -6.10363e+12 , 2.27201e+16 2.2709e+17 2.28248e+15 , 
-3.13507e+11 -3.13507e+11 -6.7296e+12 , 2.50502e+16 2.5038e+17 2.51657e+15 , 
-3.45659e+11 -3.45659e+11 -7.41977e+12 , 2.76193e+16 2.76058e+17 2.77466e+15 , 
-3.81109e+11 -3.81109e+11 -8.18072e+12 , 3.04518e+16 3.0437e+17 3.05922e+15 , 
-4.20194e+11 -4.20194e+11 -9.01971e+12 , 3.35749e+16 3.35585e+17 3.37297e+15 , 
-4.63288e+11 -4.63288e+11 -9.94474e+12 , 3.70182e+16 3.70002e+17 3.71889e+15 , 
-5.10801e+11 -5.10801e+11 -1.09646e+13 , 4.08147e+16 4.07948e+17 4.10028e+15 , 
-5.63187e+11 -5.63187e+11 -1.20891e+13 , 4.50005e+16 4.49786e+17 4.5208e+15 , 
-6.20946e+11 -6.20946e+11 -1.3329e+13 , 4.96156e+16 4.95915e+17 4.98443e+15 , 
-6.84628e+11 -6.84628e+11 -1.46959e+13 , 5.4704e+16 5.46774e+17 5.49562e+15 , 
-7.54842e+11 -7.54842e+11 -1.62031e+13 , 6.03143e+16 6.02849e+17 6.05924e+15 , 
-8.32256e+11 -8.32256e+11 -1.78649e+13 , 6.64999e+16 6.64676e+17 6.68065e+15 , 
-9.1761e+11 -9.1761e+11 -1.9697e+13 , 7.332e+16 7.32843e+17 7.3658e+15 , 
-1.01172e+12 -1.01172e+12 -2.17171e+13 , 8.08394e+16 8.08001e+17 8.12121e+15 , 
-1.11548e+12 -1.11548e+12 -2.39443e+13 , 8.91301e+16 8.90867e+17 8.9541e+15 , 
-1.22987e+12 -1.22987e+12 -2.64e+13 , 9.8271e+16 9.82232e+17 9.8724e+15 , 
-1.35601e+12 -1.35601e+12 -2.91075e+13 , 1.08349e+17 1.08297e+18 1.08849e+16 , 
-1.49507e+12 -1.49507e+12 -3.20926e+13 , 1.19461e+17 1.19403e+18 1.20012e+16 , 
-1.6484e+12 -1.6484e+12 -3.5384e+13 , 1.31713e+17 1.31649e+18 1.3232e+16 , 
-1.81746e+12 -1.81746e+12 -3.90128e+13 , 1.45221e+17 1.4515e+18 1.4589e+16 , 
-2.00385e+12 -2.00385e+12 -4.30139e+13 , 1.60114e+17 1.60036e+18 1.60853e+16 , 
-2.20936e+12 -2.20936e+12 -4.74252e+13 , 1.76535e+17 1.76449e+18 1.77349e+16 , 
-2.43595e+12 -2.43595e+12 -5.2289e+13 , 1.9464e+17 1.94545e+18 1.95537e+16 , 
-2.68577e+12 -2.68577e+12 -5.76516e+13 , 2.14602e+17 2.14497e+18 2.15591e+16 , 
-2.96121e+12 -2.96121e+12 -6.35642e+13 , 2.36611e+17 2.36495e+18 2.37701e+16 , 
-3.26491e+12 -3.26491e+12 -7.00831e+13 , 2.60877e+17 2.6075e+18 2.62079e+16 , 
-3.59975e+12 -3.59975e+12 -7.72706e+13 , 2.87631e+17 2.87491e+18 2.88957e+16 , 
-3.96893e+12 -3.96893e+12 -8.51953e+13 , 3.1713e+17 3.16976e+18 3.18592e+16 , 
-4.37597e+12 -4.37597e+12 -9.39326e+13 , 3.49654e+17 3.49484e+18 3.51266e+16 , 
-4.82475e+12 -4.82475e+12 -1.03566e+14 , 3.85513e+17 3.85326e+18 3.87291e+16 , 
-5.31956e+12 -5.31956e+12 -1.14187e+14 , 4.2505e+17 4.24843e+18 4.2701e+16 , 
-5.86512e+12 -5.86512e+12 -1.25898e+14 , 4.68642e+17 4.68414e+18 4.70803e+16 , 
-6.46663e+12 -6.46663e+12 -1.3881e+14 , 5.16705e+17 5.16453e+18 5.19087e+16 , 
-7.12983e+12 -7.12983e+12 -1.53046e+14 , 5.69696e+17 5.69419e+18 5.72323e+16 , 
-7.86104e+12 -7.86104e+12 -1.68742e+14 , 6.28122e+17 6.27817e+18 6.31018e+16 , 
-8.66724e+12 -8.66724e+12 -1.86047e+14 , 6.92541e+17 6.92204e+18 6.95734e+16 , 
-9.55613e+12 -9.55613e+12 -2.05128e+14 , 7.63565e+17 7.63194e+18 7.67086e+16 , 
-1.05362e+13 -1.05362e+13 -2.26165e+14 , 8.41874e+17 8.41465e+18 8.45756e+16 , 
-1.16167e+13 -1.16167e+13 -2.4936e+14 , 9.28214e+17 9.27763e+18 9.32494e+16 , 
-1.28081e+13 -1.28081e+13 -2.74933e+14 , 1.02341e+18 1.02291e+19 1.02813e+17 , 
-1.41217e+13 -1.41217e+13 -3.0313e+14 , 1.12837e+18 1.12782e+19 1.13357e+17 , 
-1.55699e+13 -1.55699e+13 -3.34218e+14 , 1.24409e+18 1.24348e+19 1.24982e+17 , 
-1.71667e+13 -1.71667e+13 -3.68494e+14 , 1.37168e+18 1.37101e+19 1.378e+17 , 
-1.89273e+13 -1.89273e+13 -4.06286e+14 , 1.51235e+18 1.51162e+19 1.51933e+17 , 
-2.08684e+13 -2.08684e+13 -4.47953e+14 , 1.66746e+18 1.66664e+19 1.67514e+17 , 
-2.30086e+13 -2.30086e+13 -4.93894e+14 , 1.83846e+18 1.83757e+19 1.84694e+17 , 
-2.53683e+13 -2.53683e+13 -5.44546e+14 , 2.02701e+18 2.02603e+19 2.03636e+17 , 
-2.797e+13 -2.797e+13 -6.00393e+14 , 2.2349e+18 2.23381e+19 2.2452e+17 , 
-3.08385e+13 -3.08385e+13 -6.61967e+14 , 2.4641e+18 2.4629e+19 2.47546e+17 , 
-3.40013e+13 -3.40013e+13 -7.29857e+14 , 2.71681e+18 2.71549e+19 2.72934e+17 , 
-3.74883e+13 -3.74883e+13 -8.04708e+14 , 2.99544e+18 2.99398e+19 3.00925e+17 , 
-4.1333e+13 -4.1333e+13 -8.87237e+14 , 3.30264e+18 3.30103e+19 3.31787e+17 , 
-4.5572e+13 -4.5572e+13 -9.78229e+14 , 3.64135e+18 3.63958e+19 3.65814e+17 , 
-5.02457e+13 -5.02457e+13 -1.07855e+15 , 4.01479e+18 4.01284e+19 4.0333e+17 , 
-5.53987e+13 -5.53987e+13 -1.18917e+15 , 4.42654e+18 4.42438e+19 4.44695e+17 , 
-6.10803e+13 -6.10803e+13 -1.31112e+15 , 4.88051e+18 4.87814e+19 4.90301e+17 , 
-6.73445e+13 -6.73445e+13 -1.44559e+15 , 5.38104e+18 5.37842e+19 5.40585e+17 , 
-7.42511e+13 -7.42511e+13 -1.59384e+15 , 5.9329e+18 5.93002e+19 5.96026e+17 , 
-8.18661e+13 -8.18661e+13 -1.7573e+15 , 6.54136e+18 6.53818e+19 6.57152e+17 , 
-9.0262e+13 -9.0262e+13 -1.93753e+15 , 7.21223e+18 7.20872e+19 7.24548e+17 , 
-9.9519e+13 -9.9519e+13 -2.13623e+15 , 7.95189e+18 7.94802e+19 7.98855e+17 , 
-1.09725e+14 -1.09725e+14 -2.35532e+15 , 8.76741e+18 8.76314e+19 8.80783e+17 , 
-1.20978e+14 -1.20978e+14 -2.59687e+15 , 9.66657e+18 9.66186e+19 9.71113e+17 , 
-1.33386e+14 -1.33386e+14 -2.8632e+15 , 1.06579e+19 1.06528e+20 1.07071e+18 , 
-1.47065e+14 -1.47065e+14 -3.15684e+15 , 1.1751e+19 1.17453e+20 1.18052e+18 , 
-1.62148e+14 -1.62148e+14 -3.4806e+15 , 1.29561e+19 1.29498e+20 1.30159e+18 , 
-1.78777e+14 -1.78777e+14 -3.83755e+15 , 1.42849e+19 1.42779e+20 1.43507e+18 , 
-1.97112e+14 -1.97112e+14 -4.23112e+15 , 1.57499e+19 1.57422e+20 1.58225e+18 , 
-2.17327e+14 -2.17327e+14 -4.66505e+15 , 1.73651e+19 1.73567e+20 1.74452e+18 , 
-2.39616e+14 -2.39616e+14 -5.14349e+15 , 1.91461e+19 1.91367e+20 1.92343e+18 , 
-2.6419e+14 -2.6419e+14 -5.67099e+15 , 2.11096e+19 2.10993e+20 2.12069e+18 , 
-2.91284e+14 -2.91284e+14 -6.25258e+15 , 2.32746e+19 2.32632e+20 2.33819e+18 , 
-3.21157e+14 -3.21157e+14 -6.89383e+15 , 2.56615e+19 2.5649e+20 2.57798e+18 , 
-3.54094e+14 -3.54094e+14 -7.60084e+15 , 2.82933e+19 2.82795e+20 2.84237e+18 , 
-3.90409e+14 -3.90409e+14 -8.38036e+15 , 3.1195e+19 3.11798e+20 3.13388e+18 , 
-4.30448e+14 -4.30448e+14 -9.23982e+15 , 3.43942e+19 3.43775e+20 3.45528e+18 , 
-4.74594e+14 -4.74594e+14 -1.01874e+16 , 3.79216e+19 3.79031e+20 3.80964e+18 , 
-5.23267e+14 -5.23267e+14 -1.12322e+16 , 4.18107e+19 4.17903e+20 4.20035e+18 , 
-5.76931e+14 -5.76931e+14 -1.23842e+16 , 4.60987e+19 4.60762e+20 4.63112e+18 , 
-6.36099e+14 -6.36099e+14 -1.36542e+16 , 5.08264e+19 5.08017e+20 5.10607e+18 , 
-7.01336e+14 -7.01336e+14 -1.50546e+16 , 5.6039e+19 5.60117e+20 5.62974e+18 , 
-7.73263e+14 -7.73263e+14 -1.65985e+16 , 6.17862e+19 6.17561e+20 6.2071e+18 , 
-8.52566e+14 -8.52566e+14 -1.83008e+16 , 6.81228e+19 6.80896e+20 6.84368e+18 , 
-9.40002e+14 -9.40002e+14 -2.01777e+16 , 7.51092e+19 7.50727e+20 7.54555e+18 , 
-1.03641e+15 -1.03641e+15 -2.22471e+16 , 8.28122e+19 8.27719e+20 8.3194e+18 , 
-1.1427e+15 -1.1427e+15 -2.45286e+16 , 9.13052e+19 9.12607e+20 9.17261e+18 , 
-1.25989e+15 -1.25989e+15 -2.70442e+16 , 1.00669e+20 1.0062e+21 1.01133e+19 , 
-1.3891e+15 -1.3891e+15 -2.98178e+16 , 1.10993e+20 1.10939e+21 1.11505e+19 , 
-1.53156e+15 -1.53156e+15 -3.28758e+16 , 1.22377e+20 1.22317e+21 1.22941e+19 , 
-1.68863e+15 -1.68863e+15 -3.62475e+16 , 1.34927e+20 1.34861e+21 1.35549e+19 , 
-1.86181e+15 -1.86181e+15 -3.99649e+16 , 1.48765e+20 1.48692e+21 1.49451e+19 , 
-2.05275e+15 -2.05275e+15 -4.40636e+16 , 1.64022e+20 1.63942e+21 1.64778e+19 , 
-2.26328e+15 -2.26328e+15 -4.85826e+16 , 1.80843e+20 1.80755e+21 1.81677e+19 , 
-2.49539e+15 -2.49539e+15 -5.35651e+16 , 1.9939e+20 1.99293e+21 2.00309e+19 , 
-2.75131e+15 -2.75131e+15 -5.90585e+16 , 2.19839e+20 2.19732e+21 2.20852e+19 , 
-3.03348e+15 -3.03348e+15 -6.51154e+16 , 2.42385e+20 2.42267e+21 2.43502e+19 , 
-3.34458e+15 -3.34458e+15 -7.17934e+16 , 2.67243e+20 2.67113e+21 2.68475e+19 , 
-3.68759e+15 -3.68759e+15 -7.91563e+16 , 2.94651e+20 2.94507e+21 2.96009e+19 , 
-4.06578e+15 -4.06578e+15 -8.72743e+16 , 3.24869e+20 3.24711e+21 3.26367e+19 , 
-4.48275e+15 -4.48275e+15 -9.62249e+16 , 3.58187e+20 3.58012e+21 3.59838e+19 , 
-4.94249e+15 -4.94249e+15 -1.06093e+17 , 3.94921e+20 3.94729e+21 3.96742e+19 , 
-5.44938e+15 -5.44938e+15 -1.16974e+17 , 4.35423e+20 4.35211e+21 4.3743e+19 , 
-6.00825e+15 -6.00825e+15 -1.28971e+17 , 4.80079e+20 4.79845e+21 4.82292e+19 , 
-6.62444e+15 -6.62444e+15 -1.42197e+17 , 5.29314e+20 5.29056e+21 5.31754e+19 , 
-7.30382e+15 -7.30382e+15 -1.56781e+17 , 5.83599e+20 5.83315e+21 5.86289e+19 , 
-8.05288e+15 -8.05288e+15 -1.7286e+17 , 6.43451e+20 6.43138e+21 6.46417e+19 , 
-8.87875e+15 -8.87875e+15 -1.90588e+17 , 7.09441e+20 7.09096e+21 7.12712e+19 , 
-9.78933e+15 -9.78933e+15 -2.10134e+17 , 7.82199e+20 7.81819e+21 7.85805e+19 , 
-1.07933e+16 -1.07933e+16 -2.31684e+17 , 8.62419e+20 8.61999e+21 8.66395e+19 , 
-1.19002e+16 -1.19002e+16 -2.55445e+17 , 9.50866e+20 9.50403e+21 9.5525e+19 , 
-1.31207e+16 -1.31207e+16 -2.81643e+17 , 1.04838e+21 1.04787e+22 1.05322e+20 , 
-1.44663e+16 -1.44663e+16 -3.10527e+17 , 1.1559e+21 1.15534e+22 1.16123e+20 , 
-1.59499e+16 -1.59499e+16 -3.42374e+17 , 1.27445e+21 1.27383e+22 1.28032e+20 , 
-1.75857e+16 -1.75857e+16 -3.77487e+17 , 1.40515e+21 1.40447e+22 1.41163e+20 , 
-1.93892e+16 -1.93892e+16 -4.162e+17 , 1.54926e+21 1.54851e+22 1.5564e+20 , 
-2.13777e+16 -2.13777e+16 -4.58885e+17 , 1.70815e+21 1.70732e+22 1.71602e+20 , 
-2.35701e+16 -2.35701e+16 -5.05946e+17 , 1.88333e+21 1.88241e+22 1.89201e+20 , 
-2.59874e+16 -2.59874e+16 -5.57835e+17 , 2.07648e+21 2.07547e+22 2.08605e+20 , 
-2.86526e+16 -2.86526e+16 -6.15045e+17 , 2.28944e+21 2.28832e+22 2.29999e+20 , 
-3.15911e+16 -3.15911e+16 -6.78122e+17 , 2.52423e+21 2.523e+22 2.53587e+20 , 
-3.4831e+16 -3.4831e+16 -7.47668e+17 , 2.78311e+21 2.78176e+22 2.79594e+20 , 
-3.84032e+16 -3.84032e+16 -8.24346e+17 , 3.06854e+21 3.06704e+22 3.08268e+20 , 
-4.23417e+16 -4.23417e+16 -9.08888e+17 , 3.38324e+21 3.38159e+22 3.39883e+20 , 
-4.66841e+16 -4.66841e+16 -1.0021e+18 , 3.73021e+21 3.7284e+22 3.74741e+20 , 
-5.14719e+16 -5.14719e+16 -1.10487e+18 , 4.11277e+21 4.11077e+22 4.13173e+20 , 
-5.67507e+16 -5.67507e+16 -1.21819e+18 , 4.53456e+21 4.53236e+22 4.55547e+20 , 
-6.25708e+16 -6.25708e+16 -1.34312e+18 , 4.99961e+21 4.99718e+22 5.02266e+20 , 
-6.89879e+16 -6.89879e+16 -1.48087e+18 , 5.51236e+21 5.50967e+22 5.53777e+20 , 
-7.60631e+16 -7.60631e+16 -1.63274e+18 , 6.07769e+21 6.07473e+22 6.10571e+20 , 
-8.38639e+16 -8.38639e+16 -1.80019e+18 , 6.701e+21 6.69774e+22 6.73189e+20 , 
-9.24647e+16 -9.24647e+16 -1.98481e+18 , 7.38823e+21 7.38463e+22 7.42229e+20 , 
-1.01948e+17 -1.01948e+17 -2.18836e+18 , 8.14594e+21 8.14198e+22 8.1835e+20 , 
-1.12403e+17 -1.12403e+17 -2.4128e+18 , 8.98137e+21 8.97699e+22 9.02277e+20 , 
-1.23931e+17 -1.23931e+17 -2.66024e+18 , 9.90247e+21 9.89765e+22 9.94812e+20 , 
-1.36641e+17 -1.36641e+17 -2.93307e+18 , 1.0918e+22 1.09127e+23 1.09684e+21 , 
-1.50654e+17 -1.50654e+17 -3.23388e+18 , 1.20378e+22 1.20319e+23 1.20932e+21 , 
-1.66105e+17 -1.66105e+17 -3.56553e+18 , 1.32723e+22 1.32658e+23 1.33335e+21 , 
-1.8314e+17 -1.8314e+17 -3.9312e+18 , 1.46335e+22 1.46264e+23 1.47009e+21 , 
-2.01922e+17 -2.01922e+17 -4.33438e+18 , 1.61342e+22 1.61264e+23 1.62086e+21 , 
-2.22631e+17 -2.22631e+17 -4.7789e+18 , 1.77889e+22 1.77803e+23 1.78709e+21 , 
-2.45463e+17 -2.45463e+17 -5.269e+18 , 1.96133e+22 1.96037e+23 1.97037e+21 , 
-2.70637e+17 -2.70637e+17 -5.80938e+18 , 2.16248e+22 2.16142e+23 2.17245e+21 , 
-2.98393e+17 -2.98393e+17 -6.40517e+18 , 2.38425e+22 2.38309e+23 2.39525e+21 , 
-3.28995e+17 -3.28995e+17 -7.06206e+18 , 2.62877e+22 2.6275e+23 2.64089e+21 , 
-3.62735e+17 -3.62735e+17 -7.78633e+18 , 2.89837e+22 2.89696e+23 2.91174e+21 , 
-3.99936e+17 -3.99936e+17 -8.58487e+18 , 3.19562e+22 3.19407e+23 3.21035e+21 , 
-4.40953e+17 -4.40953e+17 -9.4653e+18 , 3.52335e+22 3.52164e+23 3.5396e+21 , 
-4.86175e+17 -4.86175e+17 -1.0436e+19 , 3.8847e+22 3.88281e+23 3.90261e+21 , 
-5.36036e+17 -5.36036e+17 -1.15063e+19 , 4.2831e+22 4.28102e+23 4.30285e+21 , 
-5.9101e+17 -5.9101e+17 -1.26864e+19 , 4.72236e+22 4.72007e+23 4.74413e+21 , 
-6.51622e+17 -6.51622e+17 -1.39875e+19 , 5.20667e+22 5.20414e+23 5.23068e+21 , 
-7.18451e+17 -7.18451e+17 -1.5422e+19 , 5.74065e+22 5.73786e+23 5.76712e+21 , 
-7.92133e+17 -7.92133e+17 -1.70036e+19 , 6.3294e+22 6.32632e+23 6.35858e+21 , 
-8.73372e+17 -8.73372e+17 -1.87474e+19 , 6.97852e+22 6.97512e+23 7.01069e+21 , 
-9.62942e+17 -9.62942e+17 -2.06701e+19 , 7.69422e+22 7.69047e+23 7.72969e+21 , 
-1.0617e+18 -1.0617e+18 -2.279e+19 , 8.48331e+22 8.47918e+23 8.52242e+21 , 
-1.17058e+18 -1.17058e+18 -2.51272e+19 , 9.35333e+22 9.34878e+23 9.39645e+21 , 
-1.29063e+18 -1.29063e+18 -2.77042e+19 , 1.03126e+23 1.03076e+24 1.03601e+22 , 
-1.423e+18 -1.423e+18 -3.05455e+19 , 1.13702e+23 1.13647e+24 1.14226e+22 , 
-1.56894e+18 -1.56894e+18 -3.36781e+19 , 1.25363e+23 1.25302e+24 1.25941e+22 , 
-1.72984e+18 -1.72984e+18 -3.7132e+19 , 1.3822e+23 1.38153e+24 1.38857e+22 , 
-1.90725e+18 -1.90725e+18 -4.09402e+19 , 1.52395e+23 1.52321e+24 1.53098e+22 , 
-2.10285e+18 -2.10285e+18 -4.51389e+19 , 1.68024e+23 1.67943e+24 1.68799e+22 , 
-2.31851e+18 -2.31851e+18 -4.97682e+19 , 1.85256e+23 1.85166e+24 1.86111e+22 , 
-2.55629e+18 -2.55629e+18 -5.48722e+19 , 2.04256e+23 2.04156e+24 2.05197e+22 , 
-2.81845e+18 -2.81845e+18 -6.04998e+19 , 2.25204e+23 2.25094e+24 2.26242e+22 , 
-3.10751e+18 -3.10751e+18 -6.67044e+19 , 2.483e+23 2.48179e+24 2.49445e+22 , 
-3.4262e+18 -3.4262e+18 -7.35454e+19 , 2.73765e+23 2.73631e+24 2.75027e+22 , 
-3.77758e+18 -3.77758e+18 -8.1088e+19 , 3.01841e+23 3.01694e+24 3.03233e+22 , 
-4.165e+18 -4.165e+18 -8.94041e+19 , 3.32797e+23 3.32635e+24 3.34331e+22 , 
-4.59215e+18 -4.59215e+18 -9.85731e+19 , 3.66928e+23 3.66749e+24 3.68619e+22 , 
-5.06311e+18 -5.06311e+18 -1.08682e+20 , 4.04559e+23 4.04362e+24 4.06424e+22 , 
-5.58236e+18 -5.58236e+18 -1.19829e+20 , 4.46049e+23 4.45832e+24 4.48105e+22 , 
-6.15487e+18 -6.15487e+18 -1.32118e+20 , 4.91794e+23 4.91555e+24 4.94062e+22 , 
-6.7861e+18 -6.7861e+18 -1.45667e+20 , 5.42231e+23 5.41967e+24 5.44731e+22 , 
-7.48206e+18 -7.48206e+18 -1.60607e+20 , 5.97841e+23 5.9755e+24 6.00597e+22 , 
-8.24939e+18 -8.24939e+18 -1.77078e+20 , 6.59153e+23 6.58832e+24 6.62192e+22 , 
-9.09543e+18 -9.09543e+18 -1.95239e+20 , 7.26754e+23 7.264e+24 7.30105e+22 , 
-1.00282e+19 -1.00282e+19 -2.15262e+20 , 8.01288e+23 8.00898e+24 8.04982e+22 , 
-1.10567e+19 -1.10567e+19 -2.37338e+20 , 8.83465e+23 8.83035e+24 8.87538e+22 , 
-1.21906e+19 -1.21906e+19 -2.61679e+20 , 9.74071e+23 9.73597e+24 9.78561e+22 , 
-1.34409e+19 -1.34409e+19 -2.88516e+20 , 1.07397e+24 1.07345e+25 1.07892e+23 , 
-1.48193e+19 -1.48193e+19 -3.18105e+20 , 1.18411e+24 1.18353e+25 1.18957e+23 , 
-1.63391e+19 -1.63391e+19 -3.50729e+20 , 1.30555e+24 1.30491e+25 1.31157e+23 , 
-1.80148e+19 -1.80148e+19 -3.86699e+20 , 1.43944e+24 1.43874e+25 1.44608e+23 , 
-1.98624e+19 -1.98624e+19 -4.26357e+20 , 1.58707e+24 1.5863e+25 1.59438e+23 , 
-2.18994e+19 -2.18994e+19 -4.70083e+20 , 1.74983e+24 1.74898e+25 1.7579e+23 , 
-2.41453e+19 -2.41453e+19 -5.18293e+20 , 1.92929e+24 1.92835e+25 1.93818e+23 , 
-2.66216e+19 -2.66216e+19 -5.71448e+20 , 2.12715e+24 2.12612e+25 2.13696e+23 , 
-2.93518e+19 -2.93518e+19 -6.30054e+20 , 2.34531e+24 2.34416e+25 2.35612e+23 , 
-3.23621e+19 -3.23621e+19 -6.9467e+20 , 2.58583e+24 2.58457e+25 2.59775e+23 , 
-3.5681e+19 -3.5681e+19 -7.65913e+20 , 2.85103e+24 2.84964e+25 2.86417e+23 , 
-3.93403e+19 -3.93403e+19 -8.44463e+20 , 3.14342e+24 3.14189e+25 3.15791e+23 , 
-4.3375e+19 -4.3375e+19 -9.31068e+20 , 3.4658e+24 3.46411e+25 3.48178e+23 , 
-4.78234e+19 -4.78234e+19 -1.02656e+21 , 3.82124e+24 3.81938e+25 3.83886e+23 , 
-5.2728e+19 -5.2728e+19 -1.13184e+21 , 4.21314e+24 4.21109e+25 4.23256e+23 , 
-5.81356e+19 -5.81356e+19 -1.24791e+21 , 4.64522e+24 4.64296e+25 4.66664e+23 , 
-6.40978e+19 -6.40978e+19 -1.3759e+21 , 5.12162e+24 5.11913e+25 5.14523e+23 , 
-7.06715e+19 -7.06715e+19 -1.517e+21 , 5.64688e+24 5.64413e+25 5.67291e+23 , 
-7.79193e+19 -7.79193e+19 -1.67258e+21 , 6.226e+24 6.22297e+25 6.25471e+23 , 
-8.59105e+19 -8.59105e+19 -1.84412e+21 , 6.86452e+24 6.86118e+25 6.89617e+23 , 
-9.47212e+19 -9.47212e+19 -2.03324e+21 , 7.56853e+24 7.56485e+25 7.60342e+23 , 
-1.04435e+20 -1.04435e+20 -2.24177e+21 , 8.34473e+24 8.34067e+25 8.3832e+23 , 
-1.15146e+20 -1.15146e+20 -2.47168e+21 , 9.20054e+24 9.19607e+25 9.24296e+23 , 
-1.26955e+20 -1.26955e+20 -2.72516e+21 , 1.01441e+25 1.01392e+26 1.01909e+24 , 
-1.39975e+20 -1.39975e+20 -3.00465e+21 , 1.11845e+25 1.1179e+26 1.1236e+24 , 
-1.54331e+20 -1.54331e+20 -3.3128e+21 , 1.23315e+25 1.23255e+26 1.23884e+24 , 
-1.70158e+20 -1.70158e+20 -3.65255e+21 , 1.35962e+25 1.35896e+26 1.36589e+24 , 
-1.87609e+20 -1.87609e+20 -4.02714e+21 , 1.49906e+25 1.49833e+26 1.50597e+24 , 
-2.0685e+20 -2.0685e+20 -4.44015e+21 , 1.6528e+25 1.65199e+26 1.66042e+24 , 
-2.28064e+20 -2.28064e+20 -4.89552e+21 , 1.8223e+25 1.82142e+26 1.8307e+24 , 
-2.51453e+20 -2.51453e+20 -5.39759e+21 , 2.00919e+25 2.00821e+26 2.01846e+24 , 
-2.77241e+20 -2.77241e+20 -5.95115e+21 , 2.21525e+25 2.21417e+26 2.22546e+24 , 
-3.05674e+20 -3.05674e+20 -6.56148e+21 , 2.44244e+25 2.44125e+26 2.4537e+24 , 
-3.37023e+20 -3.37023e+20 -7.2344e+21 , 2.69293e+25 2.69162e+26 2.70534e+24 , 
-3.71587e+20 -3.71587e+20 -7.97634e+21 , 2.9691e+25 2.96766e+26 2.98279e+24 , 
-4.09696e+20 -4.09696e+20 -8.79437e+21 , 3.27361e+25 3.27201e+26 3.2887e+24 , 
-4.51714e+20 -4.51714e+20 -9.69629e+21 , 3.60934e+25 3.60758e+26 3.62598e+24 , 
-4.9804e+20 -4.9804e+20 -1.06907e+22 , 3.9795e+25 3.97756e+26 3.99785e+24 , 
-5.49117e+20 -5.49117e+20 -1.17871e+22 , 4.38762e+25 4.38549e+26 4.40785e+24 , 
-6.05433e+20 -6.05433e+20 -1.2996e+22 , 4.83761e+25 4.83525e+26 4.85991e+24 , 
-6.67524e+20 -6.67524e+20 -1.43288e+22 , 5.33374e+25 5.33114e+26 5.35833e+24 , 
-7.35984e+20 -7.35984e+20 -1.57983e+22 , 5.88075e+25 5.87788e+26 5.90786e+24 , 
-8.11464e+20 -8.11464e+20 -1.74185e+22 , 6.48386e+25 6.4807e+26 6.51375e+24 , 
-8.94685e+20 -8.94685e+20 -1.92049e+22 , 7.14882e+25 7.14534e+26 7.18178e+24 , 
-9.86441e+20 -9.86441e+20 -2.11745e+22 , 7.88198e+25 7.87815e+26 7.91832e+24 , 
-1.08761e+21 -1.08761e+21 -2.33461e+22 , 8.69033e+25 8.6861e+26 8.7304e+24 , 
-1.19915e+21 -1.19915e+21 -2.57404e+22 , 9.58159e+25 9.57692e+26 9.62576e+24 , 
-1.32213e+21 -1.32213e+21 -2.83803e+22 , 1.05642e+26 1.05591e+27 1.06129e+25 , 
-1.45772e+21 -1.45772e+21 -3.12909e+22 , 1.16477e+26 1.1642e+27 1.17014e+25 , 
-1.60722e+21 -1.60722e+21 -3.45e+22 , 1.28422e+26 1.2836e+27 1.29014e+25 , 
-1.77205e+21 -1.77205e+21 -3.80382e+22 , 1.41593e+26 1.41524e+27 1.42246e+25 , 
-1.95379e+21 -1.95379e+21 -4.19392e+22 , 1.56114e+26 1.56038e+27 1.56834e+25 , 
-2.15417e+21 -2.15417e+21 -4.62404e+22 , 1.72125e+26 1.72041e+27 1.72918e+25 , 
-2.37509e+21 -2.37509e+21 -5.09827e+22 , 1.89777e+26 1.89685e+27 1.90652e+25 , 
-2.61867e+21 -2.61867e+21 -5.62113e+22 , 2.0924e+26 2.09139e+27 2.10205e+25 , 
-2.88723e+21 -2.88723e+21 -6.19762e+22 , 2.30699e+26 2.30587e+27 2.31763e+25 , 
-3.18334e+21 -3.18334e+21 -6.83322e+22 , 2.54359e+26 2.54235e+27 2.55532e+25 , 
-3.50981e+21 -3.50981e+21 -7.53402e+22 , 2.80445e+26 2.80309e+27 2.81738e+25 , 
-3.86977e+21 -3.86977e+21 -8.30668e+22 , 3.09207e+26 3.09057e+27 3.10633e+25 , 
-4.26664e+21 -4.26664e+21 -9.15859e+22 , 3.40918e+26 3.40753e+27 3.4249e+25 , 
-4.70421e+21 -4.70421e+21 -1.00979e+23 , 3.75882e+26 3.75699e+27 3.77615e+25 , 
-5.18666e+21 -5.18666e+21 -1.11335e+23 , 4.14431e+26 4.1423e+27 4.16342e+25 , 
-5.71859e+21 -5.71859e+21 -1.22753e+23 , 4.56934e+26 4.56712e+27 4.59041e+25 , 
-6.30507e+21 -6.30507e+21 -1.35342e+23 , 5.03796e+26 5.03551e+27 5.06118e+25 , 
-6.9517e+21 -6.9517e+21 -1.49222e+23 , 5.55463e+26 5.55193e+27 5.58024e+25 , 
-7.66465e+21 -7.66465e+21 -1.64526e+23 , 6.1243e+26 6.12132e+27 6.15254e+25 , 
-8.45071e+21 -8.45071e+21 -1.81399e+23 , 6.75239e+26 6.7491e+27 6.78352e+25 , 
-9.31739e+21 -9.31739e+21 -2.00003e+23 , 7.44489e+26 7.44127e+27 7.47922e+25 , 
-1.02729e+22 -1.02729e+22 -2.20515e+23 , 8.20842e+26 8.20442e+27 8.24626e+25 , 
-1.13265e+22 -1.13265e+22 -2.4313e+23 , 9.05025e+26 9.04584e+27 9.09197e+25 , 
-1.24881e+22 -1.24881e+22 -2.68065e+23 , 9.97841e+26 9.97356e+27 1.00244e+26 , 
-1.37689e+22 -1.37689e+22 -2.95557e+23 , 1.10018e+27 1.09964e+28 1.10525e+26 , 
-1.5181e+22 -1.5181e+22 -3.25868e+23 , 1.21301e+27 1.21242e+28 1.2186e+26 , 
-1.67379e+22 -1.67379e+22 -3.59288e+23 , 1.33741e+27 1.33676e+28 1.34358e+26 , 
-1.84545e+22 -1.84545e+22 -3.96135e+23 , 1.47457e+27 1.47385e+28 1.48137e+26 , 
-2.03471e+22 -2.03471e+22 -4.36762e+23 , 1.6258e+27 1.62501e+28 1.63329e+26 , 
-2.24338e+22 -2.24338e+22 -4.81555e+23 , 1.79253e+27 1.79166e+28 1.8008e+26 , 
-2.47346e+22 -2.47346e+22 -5.30941e+23 , 1.97637e+27 1.97541e+28 1.98548e+26 , 
-2.72713e+22 -2.72713e+22 -5.85393e+23 , 2.17906e+27 2.178e+28 2.18911e+26 , 
-3.00681e+22 -3.00681e+22 -6.45429e+23 , 2.40254e+27 2.40137e+28 2.41362e+26 , 
-3.31518e+22 -3.31518e+22 -7.11622e+23 , 2.64894e+27 2.64765e+28 2.66115e+26 , 
-3.65517e+22 -3.65517e+22 -7.84604e+23 , 2.9206e+27 2.91918e+28 2.93407e+26 , 
-4.03004e+22 -4.03004e+22 -8.65071e+23 , 3.22013e+27 3.21856e+28 3.23498e+26 , 
-4.44335e+22 -4.44335e+22 -9.5379e+23 , 3.55038e+27 3.54865e+28 3.56675e+26 , 
-4.89904e+22 -4.89904e+22 -1.05161e+24 , 3.91449e+27 3.91259e+28 3.93254e+26 , 
-5.40147e+22 -5.40147e+22 -1.15946e+24 , 4.31595e+27 4.31385e+28 4.33585e+26 , 
-5.95543e+22 -5.95543e+22 -1.27837e+24 , 4.75858e+27 4.75627e+28 4.78052e+26 , 
-6.5662e+22 -6.5662e+22 -1.40947e+24 , 5.24661e+27 5.24405e+28 5.2708e+26 , 
-7.23961e+22 -7.23961e+22 -1.55402e+24 , 5.78468e+27 5.78187e+28 5.81135e+26 , 
-7.98208e+22 -7.98208e+22 -1.7134e+24 , 6.37794e+27 6.37484e+28 6.40735e+26 , 
-8.8007e+22 -8.8007e+22 -1.88912e+24 , 7.03204e+27 7.02862e+28 7.06446e+26 , 
-9.70327e+22 -9.70327e+22 -2.08286e+24 , 7.75323e+27 7.74945e+28 7.78897e+26 , 
-1.06984e+23 -1.06984e+23 -2.29647e+24 , 8.54837e+27 8.54421e+28 8.58778e+26 , 
-1.17956e+23 -1.17956e+23 -2.53199e+24 , 9.42507e+27 9.42048e+28 9.46852e+26 , 
-1.30053e+23 -1.30053e+23 -2.79167e+24 , 1.03917e+28 1.03866e+29 1.04396e+27 , 
-1.43391e+23 -1.43391e+23 -3.07797e+24 , 1.14574e+28 1.14518e+29 1.15102e+27 , 
-1.58097e+23 -1.58097e+23 -3.39364e+24 , 1.26324e+28 1.26263e+29 1.26907e+27 , 
-1.74311e+23 -1.74311e+23 -3.74168e+24 , 1.3928e+28 1.39212e+29 1.39922e+27 , 
-1.92188e+23 -1.92188e+23 -4.12542e+24 , 1.53564e+28 1.53489e+29 1.54272e+27 , 
-2.11898e+23 -2.11898e+23 -4.54851e+24 , 1.69313e+28 1.69231e+29 1.70094e+27 , 
-2.33629e+23 -2.33629e+23 -5.01499e+24 , 1.86677e+28 1.86586e+29 1.87538e+27 , 
-2.57589e+23 -2.57589e+23 -5.52931e+24 , 2.05822e+28 2.05722e+29 2.06771e+27 , 
-2.84007e+23 -2.84007e+23 -6.09638e+24 , 2.26931e+28 2.2682e+29 2.27977e+27 , 
-3.13134e+23 -3.13134e+23 -6.7216e+24 , 2.50204e+28 2.50082e+29 2.51358e+27 , 
-3.45248e+23 -3.45248e+23 -7.41095e+24 , 2.75864e+28 2.7573e+29 2.77136e+27 , 
-3.80656e+23 -3.80656e+23 -8.17099e+24 , 3.04156e+28 3.04008e+29 3.05558e+27 , 
-4.19694e+23 -4.19694e+23 -9.00898e+24 , 3.35349e+28 3.35186e+29 3.36895e+27 , 
-4.62737e+23 -4.62737e+23 -9.93291e+24 , 3.69742e+28 3.69562e+29 3.71446e+27 , 
-5.10194e+23 -5.10194e+23 -1.09516e+25 , 4.07661e+28 4.07463e+29 4.09541e+27 , 
-5.62518e+23 -5.62518e+23 -1.20748e+25 , 4.4947e+28 4.49251e+29 4.51542e+27 , 
-6.20208e+23 -6.20208e+23 -1.33131e+25 , 4.95566e+28 4.95325e+29 4.97851e+27 , 
-6.83814e+23 -6.83814e+23 -1.46785e+25 , 5.4639e+28 5.46124e+29 5.48909e+27 , 
-7.53944e+23 -7.53944e+23 -1.61838e+25 , 6.02426e+28 6.02133e+29 6.05203e+27 , 
-8.31266e+23 -8.31266e+23 -1.78436e+25 , 6.64209e+28 6.63885e+29 6.67271e+27 , 
-9.16518e+23 -9.16518e+23 -1.96736e+25 , 7.32328e+28 7.31971e+29 7.35704e+27 , 
-1.01051e+24 -1.01051e+24 -2.16913e+25 , 8.07433e+28 8.0704e+29 8.11156e+27 , 
-1.11415e+24 -1.11415e+24 -2.39158e+25 , 8.90241e+28 8.89808e+29 8.94345e+27 , 
-1.22841e+24 -1.22841e+24 -2.63686e+25 , 9.81541e+28 9.81064e+29 9.86066e+27 , 
-1.35439e+24 -1.35439e+24 -2.90729e+25 , 1.0822e+29 1.08168e+30 1.08719e+28 , 
-1.4933e+24 -1.4933e+24 -3.20545e+25 , 1.19319e+29 1.19261e+30 1.19869e+28 , 
-1.64644e+24 -1.64644e+24 -3.53419e+25 , 1.31556e+29 1.31492e+30 1.32163e+28 , 
-1.8153e+24 -1.8153e+24 -3.89664e+25 , 1.45048e+29 1.44978e+30 1.45717e+28 , 
-2.00147e+24 -2.00147e+24 -4.29627e+25 , 1.59924e+29 1.59846e+30 1.60661e+28 , 
-2.20673e+24 -2.20673e+24 -4.73688e+25 , 1.76325e+29 1.76239e+30 1.77138e+28 , 
-2.43305e+24 -2.43305e+24 -5.22268e+25 , 1.94409e+29 1.94314e+30 1.95305e+28 , 
-2.68258e+24 -2.68258e+24 -5.75831e+25 , 2.14347e+29 2.14242e+30 2.15335e+28 , 
-2.95769e+24 -2.95769e+24 -6.34886e+25 , 2.36329e+29 2.36214e+30 2.37419e+28 , 
-3.26103e+24 -3.26103e+24 -6.99998e+25 , 2.60566e+29 2.6044e+30 2.61768e+28 , 
-3.59547e+24 -3.59547e+24 -7.71787e+25 , 2.87289e+29 2.8715e+30 2.88614e+28 , 
-3.96421e+24 -3.96421e+24 -8.5094e+25 , 3.16753e+29 3.16599e+30 3.18213e+28 , 
-4.37076e+24 -4.37076e+24 -9.38209e+25 , 3.49238e+29 3.49068e+30 3.50848e+28 , 
-4.81901e+24 -4.81901e+24 -1.03443e+26 , 3.85055e+29 3.84867e+30 3.8683e+28 , 
-5.31324e+24 -5.31324e+24 -1.14052e+26 , 4.24545e+29 4.24338e+30 4.26502e+28 , 
-5.85815e+24 -5.85815e+24 -1.25748e+26 , 4.68085e+29 4.67857e+30 4.70243e+28 , 
-6.45894e+24 -6.45894e+24 -1.38645e+26 , 5.1609e+29 5.15839e+30 5.18469e+28 , 
-7.12135e+24 -7.12135e+24 -1.52864e+26 , 5.69019e+29 5.68742e+30 5.71642e+28 , 
-7.85169e+24 -7.85169e+24 -1.68541e+26 , 6.27375e+29 6.2707e+30 6.30268e+28 , 
-8.65694e+24 -8.65694e+24 -1.85826e+26 , 6.91717e+29 6.91381e+30 6.94906e+28 , 
-9.54476e+24 -9.54476e+24 -2.04884e+26 , 7.62657e+29 7.62286e+30 7.66174e+28 , 
-1.05236e+25 -1.05236e+25 -2.25896e+26 , 8.40873e+29 8.40464e+30 8.4475e+28 , 
-1.16029e+25 -1.16029e+25 -2.49063e+26 , 9.27111e+29 9.26659e+30 9.31385e+28 , 
-1.27929e+25 -1.27929e+25 -2.74606e+26 , 1.02219e+30 1.02169e+31 1.0269e+29 , 
-1.41049e+25 -1.41049e+25 -3.02769e+26 , 1.12702e+30 1.12648e+31 1.13222e+29 , 
-1.55514e+25 -1.55514e+25 -3.3382e+26 , 1.24261e+30 1.242e+31 1.24834e+29 , 
-1.71463e+25 -1.71463e+25 -3.68056e+26 , 1.37005e+30 1.36938e+31 1.37636e+29 , 
-1.89048e+25 -1.89048e+25 -4.05803e+26 , 1.51056e+30 1.50982e+31 1.51752e+29 , 
-2.08436e+25 -2.08436e+25 -4.4742e+26 , 1.66547e+30 1.66466e+31 1.67315e+29 , 
-2.29813e+25 -2.29813e+25 -4.93306e+26 , 1.83628e+30 1.83538e+31 1.84474e+29 , 
-2.53382e+25 -2.53382e+25 -5.43898e+26 , 2.0246e+30 2.02362e+31 2.03394e+29 , 
-2.79368e+25 -2.79368e+25 -5.99679e+26 , 2.23224e+30 2.23115e+31 2.24253e+29 , 
-3.08019e+25 -3.08019e+25 -6.6118e+26 , 2.46117e+30 2.45997e+31 2.47252e+29 , 
-3.39608e+25 -3.39608e+25 -7.28989e+26 , 2.71358e+30 2.71226e+31 2.72609e+29 , 
-3.74437e+25 -3.74437e+25 -8.03751e+26 , 2.99188e+30 2.99042e+31 3.00567e+29 , 
-4.12838e+25 -4.12838e+25 -8.86182e+26 , 3.29871e+30 3.29711e+31 3.31392e+29 , 
-4.55178e+25 -4.55178e+25 -9.77066e+26 , 3.63702e+30 3.63525e+31 3.65379e+29 , 
-5.0186e+25 -5.0186e+25 -1.07727e+27 , 4.01002e+30 4.00807e+31 4.02851e+29 , 
-5.53329e+25 -5.53329e+25 -1.18775e+27 , 4.42128e+30 4.41912e+31 4.44166e+29 , 
-6.10076e+25 -6.10076e+25 -1.30956e+27 , 4.87471e+30 4.87234e+31 4.89718e+29 , 
-6.72644e+25 -6.72644e+25 -1.44387e+27 , 5.37464e+30 5.37203e+31 5.39942e+29 , 
-7.41628e+25 -7.41628e+25 -1.59195e+27 , 5.92585e+30 5.92296e+31 5.95317e+29 , 
-8.17687e+25 -8.17687e+25 -1.75521e+27 , 6.53359e+30 6.53041e+31 6.56371e+29 , 
-9.01547e+25 -9.01547e+25 -1.93522e+27 , 7.20365e+30 7.20014e+31 7.23686e+29 , 
-9.94006e+25 -9.94006e+25 -2.13369e+27 , 7.94243e+30 7.93857e+31 7.97905e+29 , 
-1.09595e+26 -1.09595e+26 -2.35252e+27 , 8.75698e+30 8.75272e+31 8.79736e+29 , 
-1.20835e+26 -1.20835e+26 -2.59378e+27 , 9.65507e+30 9.65037e+31 9.69959e+29 , 
-1.33227e+26 -1.33227e+26 -2.85979e+27 , 1.06453e+31 1.06401e+32 1.06943e+30 , 
-1.4689e+26 -1.4689e+26 -3.15309e+27 , 1.1737e+31 1.17313e+32 1.17911e+30 , 
-1.61955e+26 -1.61955e+26 -3.47646e+27 , 1.29407e+31 1.29344e+32 1.30004e+30 , 
-1.78565e+26 -1.78565e+26 -3.83299e+27 , 1.42679e+31 1.42609e+32 1.43337e+30 , 
-1.96878e+26 -1.96878e+26 -4.22609e+27 , 1.57312e+31 1.57235e+32 1.58037e+30 , 
-2.17069e+26 -2.17069e+26 -4.6595e+27 , 1.73445e+31 1.73361e+32 1.74245e+30 , 
-2.39331e+26 -2.39331e+26 -5.13737e+27 , 1.91233e+31 1.9114e+32 1.92115e+30 , 
-2.63876e+26 -2.63876e+26 -5.66424e+27 , 2.10845e+31 2.10743e+32 2.11817e+30 , 
-2.90938e+26 -2.90938e+26 -6.24515e+27 , 2.32469e+31 2.32356e+32 2.33541e+30 , 
-3.20776e+26 -3.20776e+26 -6.88563e+27 , 2.5631e+31 2.56185e+32 2.57492e+30 , 
-3.53673e+26 -3.53673e+26 -7.5918e+27 , 2.82596e+31 2.82459e+32 2.83899e+30 , 
-3.89945e+26 -3.89945e+26 -8.37039e+27 , 3.11579e+31 3.11427e+32 3.13015e+30 , 
-4.29936e+26 -4.29936e+26 -9.22883e+27 , 3.43533e+31 3.43366e+32 3.45117e+30 , 
-4.74029e+26 -4.74029e+26 -1.01753e+28 , 3.78765e+31 3.7858e+32 3.80511e+30 , 
-5.22644e+26 -5.22644e+26 -1.12189e+28 , 4.1761e+31 4.17406e+32 4.19535e+30 , 
-5.76245e+26 -5.76245e+26 -1.23694e+28 , 4.60438e+31 4.60214e+32 4.62561e+30 , 
-6.35343e+26 -6.35343e+26 -1.3638e+28 , 5.0766e+31 5.07413e+32 5.1e+30 , 
-7.00502e+26 -7.00502e+26 -1.50367e+28 , 5.59724e+31 5.59451e+32 5.62304e+30 , 
-7.72343e+26 -7.72343e+26 -1.65788e+28 , 6.17127e+31 6.16827e+32 6.19972e+30 , 
-8.51552e+26 -8.51552e+26 -1.82791e+28 , 6.80418e+31 6.80087e+32 6.83555e+30 , 
-9.38885e+26 -9.38885e+26 -2.01537e+28 , 7.50199e+31 7.49834e+32 7.53658e+30 , 
-1.03517e+27 -1.03517e+27 -2.22206e+28 , 8.27137e+31 8.26735e+32 8.30951e+30 , 
-1.14134e+27 -1.14134e+27 -2.44995e+28 , 9.11966e+31 9.11522e+32 9.1617e+30 , 
-1.25839e+27 -1.25839e+27 -2.70121e+28 , 1.00549e+32 1.005e+33 1.01013e+31 , 
-1.38745e+27 -1.38745e+27 -2.97823e+28 , 1.10861e+32 1.10808e+33 1.11373e+31 , 
-1.52974e+27 -1.52974e+27 -3.28367e+28 , 1.22231e+32 1.22172e+33 1.22795e+31 , 
-1.68662e+27 -1.68662e+27 -3.62044e+28 , 1.34767e+32 1.34701e+33 1.35388e+31 , 
-1.8596e+27 -1.8596e+27 -3.99174e+28 , 1.48588e+32 1.48516e+33 1.49273e+31 , 
-2.05031e+27 -2.05031e+27 -4.40112e+28 , 1.63827e+32 1.63747e+33 1.64582e+31 , 
-2.26059e+27 -2.26059e+27 -4.85248e+28 , 1.80628e+32 1.8054e+33 1.81461e+31 , 
-2.49243e+27 -2.49243e+27 -5.35014e+28 , 1.99153e+32 1.99056e+33 2.00071e+31 , 
-2.74804e+27 -2.74804e+27 -5.89883e+28 , 2.19577e+32 2.19471e+33 2.2059e+31 , 
-3.02987e+27 -3.02987e+27 -6.50379e+28 , 2.42097e+32 2.41979e+33 2.43213e+31 , 
-3.34061e+27 -3.34061e+27 -7.1708e+28 , 2.66925e+32 2.66795e+33 2.68156e+31 , 
-3.68321e+27 -3.68321e+27 -7.90622e+28 , 2.943e+32 2.94157e+33 2.95657e+31 , 
-4.06095e+27 -4.06095e+27 -8.71705e+28 , 3.24483e+32 3.24325e+33 3.25979e+31 , 
-4.47742e+27 -4.47742e+27 -9.61105e+28 , 3.57761e+32 3.57587e+33 3.5941e+31 , 
-4.93661e+27 -4.93661e+27 -1.05967e+29 , 3.94451e+32 3.9426e+33 3.9627e+31 , 
-5.4429e+27 -5.4429e+27 -1.16835e+29 , 4.34905e+32 4.34694e+33 4.3691e+31 , 
-6.00111e+27 -6.00111e+27 -1.28817e+29 , 4.79508e+32 4.79274e+33 4.81718e+31 , 
-6.61656e+27 -6.61656e+27 -1.42028e+29 , 5.28685e+32 5.28427e+33 5.31122e+31 , 
-7.29513e+27 -7.29513e+27 -1.56594e+29 , 5.82905e+32 5.82621e+33 5.85592e+31 , 
-8.0433e+27 -8.0433e+27 -1.72654e+29 , 6.42686e+32 6.42373e+33 6.45649e+31 , 
-8.8682e+27 -8.8682e+27 -1.90361e+29 , 7.08597e+32 7.08253e+33 7.11864e+31 , 
-9.77769e+27 -9.77769e+27 -2.09884e+29 , 7.81269e+32 7.80889e+33 7.84871e+31 , 
-1.07805e+28 -1.07805e+28 -2.31409e+29 , 8.61394e+32 8.60974e+33 8.65365e+31 , 
-1.18861e+28 -1.18861e+28 -2.55141e+29 , 9.49735e+32 9.49273e+33 9.54114e+31 , 
-1.31051e+28 -1.31051e+28 -2.81308e+29 , 1.04714e+33 1.04663e+34 1.05196e+32 , 
-1.44491e+28 -1.44491e+28 -3.10158e+29 , 1.15453e+33 1.15397e+34 1.15985e+32 , 
-1.59309e+28 -1.59309e+28 -3.41967e+29 , 1.27293e+33 1.27231e+34 1.2788e+32 , 
-1.75648e+28 -1.75648e+28 -3.77038e+29 , 1.40348e+33 1.4028e+34 1.40995e+32 , 
-1.93661e+28 -1.93661e+28 -4.15706e+29 , 1.54742e+33 1.54666e+34 1.55455e+32 , 
-2.13523e+28 -2.13523e+28 -4.58339e+29 , 1.70612e+33 1.70529e+34 1.71398e+32 , 
-2.35421e+28 -2.35421e+28 -5.05345e+29 , 1.88109e+33 1.88017e+34 1.88976e+32 , 
-2.59565e+28 -2.59565e+28 -5.57171e+29 , 2.07401e+33 2.073e+34 2.08357e+32 , 
-2.86185e+28 -2.86185e+28 -6.14313e+29 , 2.28671e+33 2.2856e+34 2.29726e+32 , 
-3.15536e+28 -3.15536e+28 -6.77315e+29 , 2.52123e+33 2.52e+34 2.53285e+32 , 
-3.47896e+28 -3.47896e+28 -7.46778e+29 , 2.7798e+33 2.77845e+34 2.79262e+32 , 
-3.83575e+28 -3.83575e+28 -8.23366e+29 , 3.06489e+33 3.0634e+34 3.07902e+32 , 
-4.22913e+28 -4.22913e+28 -9.07808e+29 , 3.37921e+33 3.37757e+34 3.39479e+32 , 
-4.66286e+28 -4.66286e+28 -1.00091e+30 , 3.72577e+33 3.72396e+34 3.74295e+32 , 
-5.14107e+28 -5.14107e+28 -1.10356e+30 , 4.10788e+33 4.10588e+34 4.12682e+32 , 
-5.66832e+28 -5.66832e+28 -1.21674e+30 , 4.52917e+33 4.52697e+34 4.55005e+32 , 
-6.24964e+28 -6.24964e+28 -1.34152e+30 , 4.99367e+33 4.99124e+34 5.01669e+32 , 
-6.89059e+28 -6.89059e+28 -1.4791e+30 , 5.5058e+33 5.50312e+34 5.53119e+32 , 
-7.59726e+28 -7.59726e+28 -1.6308e+30 , 6.07046e+33 6.06751e+34 6.09845e+32 , 
-8.37642e+28 -8.37642e+28 -1.79805e+30 , 6.69303e+33 6.68977e+34 6.72388e+32 , 
-9.23548e+28 -9.23548e+28 -1.98245e+30 , 7.37944e+33 7.37585e+34 7.41347e+32 , 
-1.01826e+29 -1.01826e+29 -2.18576e+30 , 8.13626e+33 8.1323e+34 8.17377e+32 , 
-1.12269e+29 -1.12269e+29 -2.40993e+30 , 8.97069e+33 8.96632e+34 9.01204e+32 , 
-1.23783e+29 -1.23783e+29 -2.65708e+30 , 9.89069e+33 9.88588e+34 9.93629e+32 , 
-1.36478e+29 -1.36478e+29 -2.92958e+30 , 1.0905e+34 1.08997e+35 1.09553e+33 , 
-1.50475e+29 -1.50475e+29 -3.23003e+30 , 1.20234e+34 1.20176e+35 1.20789e+33 , 
-1.65907e+29 -1.65907e+29 -3.56129e+30 , 1.32565e+34 1.32501e+35 1.33176e+33 , 
-1.82922e+29 -1.82922e+29 -3.92653e+30 , 1.46161e+34 1.4609e+35 1.46835e+33 , 
-2.01682e+29 -2.01682e+29 -4.32922e+30 , 1.6115e+34 1.61072e+35 1.61893e+33 , 
-2.22366e+29 -2.22366e+29 -4.77321e+30 , 1.77678e+34 1.77591e+35 1.78497e+33 , 
-2.45171e+29 -2.45171e+29 -5.26274e+30 , 1.959e+34 1.95804e+35 1.96803e+33 , 
-2.70315e+29 -2.70315e+29 -5.80247e+30 , 2.1599e+34 2.15885e+35 2.16986e+33 , 
-2.98038e+29 -2.98038e+29 -6.39755e+30 , 2.38142e+34 2.38026e+35 2.3924e+33 , 
-3.28604e+29 -3.28604e+29 -7.05366e+30 , 2.62565e+34 2.62437e+35 2.63775e+33 , 
-3.62304e+29 -3.62304e+29 -7.77707e+30 , 2.89493e+34 2.89352e+35 2.90827e+33 , 
-3.99461e+29 -3.99461e+29 -8.57466e+30 , 3.19182e+34 3.19027e+35 3.20654e+33 , 
-4.40428e+29 -4.40428e+29 -9.45405e+30 , 3.51917e+34 3.51745e+35 3.53539e+33 , 
-4.85597e+29 -4.85597e+29 -1.04236e+31 , 3.88008e+34 3.87819e+35 3.89797e+33 , 
-5.35399e+29 -5.35399e+29 -1.14926e+31 , 4.27801e+34 4.27593e+35 4.29773e+33 , 
-5.90307e+29 -5.90307e+29 -1.26713e+31 , 4.71675e+34 4.71445e+35 4.73849e+33 , 
-6.50848e+29 -6.50848e+29 -1.39708e+31 , 5.20048e+34 5.19795e+35 5.22446e+33 , 
-7.17596e+29 -7.17596e+29 -1.54036e+31 , 5.73383e+34 5.73104e+35 5.76026e+33 , 
-7.91191e+29 -7.91191e+29 -1.69834e+31 , 6.32187e+34 6.31879e+35 6.35102e+33 , 
-8.72333e+29 -8.72333e+29 -1.87251e+31 , 6.97022e+34 6.96683e+35 7.00236e+33 , 
-9.61797e+29 -9.61797e+29 -2.06455e+31 , 7.68507e+34 7.68133e+35 7.7205e+33 , 
-1.06044e+30 -1.06044e+30 -2.27629e+31 , 8.47322e+34 8.4691e+35 8.51229e+33 , 
-1.16919e+30 -1.16919e+30 -2.50973e+31 , 9.34221e+34 9.33766e+35 9.38528e+33 , 
-1.2891e+30 -1.2891e+30 -2.76713e+31 , 1.03003e+35 1.02953e+36 1.03478e+34 , 
-1.42131e+30 -1.42131e+30 -3.05091e+31 , 1.13567e+35 1.13512e+36 1.1409e+34 , 
-1.56707e+30 -1.56707e+30 -3.36381e+31 , 1.25214e+35 1.25153e+36 1.25791e+34 , 
-1.72778e+30 -1.72778e+30 -3.70879e+31 , 1.38055e+35 1.37988e+36 1.38692e+34 , 
-1.90498e+30 -1.90498e+30 -4.08915e+31 , 1.52214e+35 1.5214e+36 1.52916e+34 , 
-2.10035e+30 -2.10035e+30 -4.50852e+31 , 1.67825e+35 1.67743e+36 1.68598e+34 , 
-2.31575e+30 -2.31575e+30 -4.9709e+31 , 1.85036e+35 1.84946e+36 1.85889e+34 , 
-2.55325e+30 -2.55325e+30 -5.4807e+31 , 2.04013e+35 2.03914e+36 2.04953e+34 , 
-2.8151e+30 -2.8151e+30 -6.04278e+31 , 2.24936e+35 2.24826e+36 2.25973e+34 , 
-3.10381e+30 -3.10381e+30 -6.66251e+31 , 2.48005e+35 2.47884e+36 2.49148e+34 , 
-3.42213e+30 -3.42213e+30 -7.3458e+31 , 2.73439e+35 2.73306e+36 2.747e+34 , 
-3.77309e+30 -3.77309e+30 -8.09916e+31 , 3.01482e+35 3.01335e+36 3.02872e+34 , 
-4.16005e+30 -4.16005e+30 -8.92978e+31 , 3.32401e+35 3.32239e+36 3.33934e+34 , 
-4.58669e+30 -4.58669e+30 -9.84559e+31 , 3.66491e+35 3.66313e+36 3.68181e+34 , 
-5.05709e+30 -5.05709e+30 -1.08553e+32 , 4.04077e+35 4.03881e+36 4.0594e+34 , 
-5.57572e+30 -5.57572e+30 -1.19686e+32 , 4.45518e+35 4.45302e+36 4.47572e+34 , 
-6.14755e+30 -6.14755e+30 -1.31961e+32 , 4.91209e+35 4.9097e+36 4.93474e+34 , 
-6.77803e+30 -6.77803e+30 -1.45494e+32 , 5.41586e+35 5.41323e+36 5.44083e+34 , 
-7.47316e+30 -7.47316e+30 -1.60416e+32 , 5.9713e+35 5.96839e+36 5.99883e+34 , 
-8.23958e+30 -8.23958e+30 -1.76867e+32 , 6.58369e+35 6.58049e+36 6.61405e+34 , 
-9.08461e+30 -9.08461e+30 -1.95006e+32 , 7.2589e+35 7.25536e+36 7.29236e+34 , 
-1.00163e+31 -1.00163e+31 -2.15006e+32 , 8.00335e+35 7.99945e+36 8.04025e+34 , 
-1.10435e+31 -1.10435e+31 -2.37056e+32 , 8.82415e+35 8.81985e+36 8.86483e+34 , 
-1.21761e+31 -1.21761e+31 -2.61368e+32 , 9.72912e+35 9.72439e+36 9.77398e+34 , 
-1.34249e+31 -1.34249e+31 -2.88173e+32 , 1.07269e+36 1.07217e+37 1.07764e+35 , 
-1.48017e+31 -1.48017e+31 -3.17727e+32 , 1.1827e+36 1.18213e+37 1.18816e+35 , 
-1.63197e+31 -1.63197e+31 -3.50312e+32 , 1.304e+36 1.30336e+37 1.31001e+35 , 
-1.79934e+31 -1.79934e+31 -3.86239e+32 , 1.43773e+36 1.43703e+37 1.44436e+35 , 
-1.98388e+31 -1.98388e+31 -4.2585e+32 , 1.58518e+36 1.58441e+37 1.59249e+35 , 
-2.18734e+31 -2.18734e+31 -4.69524e+32 , 1.74775e+36 1.7469e+37 1.75581e+35 , 
-2.41166e+31 -2.41166e+31 -5.17677e+32 , 1.927e+36 1.92606e+37 1.93588e+35 , 
-2.65899e+31 -2.65899e+31 -5.70768e+32 , 2.12462e+36 2.12359e+37 2.13442e+35 , 
-2.93169e+31 -2.93169e+31 -6.29305e+32 , 2.34252e+36 2.34138e+37 2.35332e+35 , 
-3.23236e+31 -3.23236e+31 -6.93844e+32 , 2.58276e+36 2.5815e+37 2.59467e+35 , 
-3.56386e+31 -3.56386e+31 -7.65003e+32 , 2.84764e+36 2.84625e+37 2.86077e+35 , 
-3.92936e+31 -3.92936e+31 -8.43459e+32 , 3.13968e+36 3.13815e+37 3.15416e+35 , 
-4.33234e+31 -4.33234e+31 -9.29961e+32 , 3.46168e+36 3.45999e+37 3.47764e+35 , 
-4.77665e+31 -4.77665e+31 -1.02534e+33 , 3.8167e+36 3.81484e+37 3.83429e+35 , 
-5.26653e+31 -5.26653e+31 -1.13049e+33 , 4.20813e+36 4.20608e+37 4.22753e+35 , 
-5.80665e+31 -5.80665e+31 -1.24643e+33 , 4.6397e+36 4.63744e+37 4.66109e+35 , 
-6.40216e+31 -6.40216e+31 -1.37426e+33 , 5.11553e+36 5.11304e+37 5.13911e+35 , 
-7.05874e+31 -7.05874e+31 -1.5152e+33 , 5.64016e+36 5.63742e+37 5.66617e+35 , 
-7.78266e+31 -7.78266e+31 -1.67059e+33 , 6.2186e+36 6.21557e+37 6.24727e+35 , 
-8.58083e+31 -8.58083e+31 -1.84192e+33 , 6.85636e+36 6.85302e+37 6.88797e+35 , 
-9.46085e+31 -9.46085e+31 -2.03083e+33 , 7.55953e+36 7.55585e+37 7.59438e+35 , 
-1.04311e+32 -1.04311e+32 -2.2391e+33 , 8.33481e+36 8.33075e+37 8.37324e+35 , 
-1.15009e+32 -1.15009e+32 -2.46874e+33 , 9.1896e+36 9.18513e+37 9.23197e+35 , 
-1.26804e+32 -1.26804e+32 -2.72192e+33 , 1.01321e+37 1.01271e+38 1.01788e+36 , 
-1.39809e+32 -1.39809e+32 -3.00108e+33 , 1.11712e+37 1.11657e+38 1.12227e+36 , 
-1.54147e+32 -1.54147e+32 -3.30886e+33 , 1.23169e+37 1.23109e+38 1.23736e+36 , 
-1.69956e+32 -1.69956e+32 -3.6482e+33 , 1.358e+37 1.35734e+38 1.36426e+36 , 
-1.87386e+32 -1.87386e+32 -4.02235e+33 , 1.49728e+37 1.49655e+38 1.50418e+36 , 
-2.06604e+32 -2.06604e+32 -4.43487e+33 , 1.65083e+37 1.65003e+38 1.65844e+36 , 
-2.27792e+32 -2.27792e+32 -4.8897e+33 , 1.82014e+37 1.81925e+38 1.82853e+36 , 
-2.51154e+32 -2.51154e+32 -5.39117e+33 , 2.0068e+37 2.00583e+38 2.01605e+36 , 
-2.76912e+32 -2.76912e+32 -5.94407e+33 , 2.21261e+37 2.21154e+38 2.22282e+36 , 
-3.05311e+32 -3.05311e+32 -6.55367e+33 , 2.43953e+37 2.43835e+38 2.45078e+36 , 
-3.36623e+32 -3.36623e+32 -7.2258e+33 , 2.68972e+37 2.68841e+38 2.70212e+36 , 
-3.71146e+32 -3.71146e+32 -7.96685e+33 , 2.96557e+37 2.96413e+38 2.97925e+36 , 
-4.09209e+32 -4.09209e+32 -8.78391e+33 , 3.26971e+37 3.26812e+38 3.28479e+36 , 
-4.51176e+32 -4.51176e+32 -9.68476e+33 , 3.60505e+37 3.60329e+38 3.62167e+36 , 
-4.97448e+32 -4.97448e+32 -1.0678e+34 , 3.97477e+37 3.97283e+38 3.99309e+36 , 
-5.48464e+32 -5.48464e+32 -1.17731e+34 , 4.38241e+37 4.38027e+38 4.40261e+36 , 
-6.04713e+32 -6.04713e+32 -1.29805e+34 , 4.83185e+37 4.8295e+38 4.85413e+36 , 
-6.66731e+32 -6.66731e+32 -1.43118e+34 , 5.32739e+37 5.3248e+38 5.35195e+36 , 
-7.35108e+32 -7.35108e+32 -1.57795e+34 , 5.87375e+37 5.87089e+38 5.90083e+36 , 
-8.10499e+32 -8.10499e+32 -1.73978e+34 , 6.47615e+37 6.473e+38 6.506e+36 , 
-8.93621e+32 -8.93621e+32 -1.91821e+34 , 7.14032e+37 7.13685e+38 7.17324e+36 , 
-9.85268e+32 -9.85268e+32 -2.11493e+34 , 7.87261e+37 7.86878e+38 7.9089e+36 , 
-1.08631e+33 -1.08631e+33 -2.33184e+34 , 8.68e+37 8.67578e+38 8.72002e+36 , 
-1.19772e+33 -1.19772e+33 -2.57098e+34 , 9.57019e+37 9.56554e+38 9.61431e+36 , 
-1.32056e+33 -1.32056e+33 -2.83465e+34 , 1.05517e+38 1.05465e+39 1.06003e+37 , 
-1.45599e+33 -1.45599e+33 -3.12537e+34 , 1.16338e+38 1.16282e+39 1.16875e+37 , 
-1.60531e+33 -1.60531e+33 -3.44589e+34 , 1.2827e+38 1.28207e+39 1.28861e+37 , 
-1.76995e+33 -1.76995e+33 -3.79929e+34 , 1.41425e+38 1.41356e+39 1.42077e+37 , 
-1.95147e+33 -1.95147e+33 -4.18894e+34 , 1.55929e+38 1.55853e+39 1.56647e+37 , 
-2.1516e+33 -2.1516e+33 -4.61854e+34 , 1.7192e+38 1.71836e+39 1.72713e+37 , 
-2.37227e+33 -2.37227e+33 -5.09221e+34 , 1.89552e+38 1.89459e+39 1.90426e+37 , 
-2.61556e+33 -2.61556e+33 -5.61445e+34 , 2.08992e+38 2.0889e+39 2.09955e+37 , 
-2.8838e+33 -2.8838e+33 -6.19025e+34 , 2.30425e+38 2.30313e+39 2.31487e+37 , 
-3.17956e+33 -3.17956e+33 -6.8251e+34 , 2.54057e+38 2.53933e+39 2.55228e+37 , 
-3.50564e+33 -3.50564e+33 -7.52506e+34 , 2.80112e+38 2.79976e+39 2.81403e+37 , 
-3.86517e+33 -3.86517e+33 -8.29681e+34 , 3.08839e+38 3.08689e+39 3.10263e+37 , 
-4.26157e+33 -4.26157e+33 -9.1477e+34 , 3.40513e+38 3.40347e+39 3.42083e+37 , 
-4.69862e+33 -4.69862e+33 -1.00859e+35 , 3.75435e+38 3.75252e+39 3.77166e+37 , 
-5.1805e+33 -5.1805e+33 -1.11202e+35 , 4.13938e+38 4.13737e+39 4.15847e+37 , 
-5.71179e+33 -5.71179e+33 -1.22607e+35 , 4.56391e+38 4.56169e+39 4.58495e+37 , 
-6.29758e+33 -6.29758e+33 -1.35181e+35 , 5.03197e+38 5.02952e+39 5.05517e+37 , 
-6.94343e+33 -6.94343e+33 -1.49045e+35 , 5.54803e+38 5.54533e+39 5.57361e+37 , 
-7.65553e+33 -7.65553e+33 -1.6433e+35 , 6.11702e+38 6.11404e+39 6.14522e+37 , 
-8.44066e+33 -8.44066e+33 -1.81184e+35 , 6.74436e+38 6.74108e+39 6.77545e+37 , 
-9.30631e+33 -9.30631e+33 -1.99765e+35 , 7.43604e+38 7.43242e+39 7.47032e+37 , 
-1.02607e+34 -1.02607e+34 -2.20253e+35 , 8.19866e+38 8.19467e+39 8.23646e+37 , 
-1.1313e+34 -1.1313e+34 -2.42841e+35 , 9.03949e+38 9.03509e+39 9.08116e+37 , 
-1.24733e+34 -1.24733e+34 -2.67746e+35 , 9.96655e+38 9.9617e+39 1.00125e+38 , 
-1.37525e+34 -1.37525e+34 -2.95205e+35 , 1.09887e+39 1.09833e+40 1.10393e+38 , 
-1.51629e+34 -1.51629e+34 -3.2548e+35 , 1.21157e+39 1.21098e+40 1.21715e+38 , 
-1.6718e+34 -1.6718e+34 -3.58861e+35 , 1.33582e+39 1.33517e+40 1.34198e+38 , 
-1.84325e+34 -1.84325e+34 -3.95664e+35 , 1.47282e+39 1.4721e+40 1.47961e+38 , 
-2.03229e+34 -2.03229e+34 -4.36242e+35 , 1.62386e+39 1.62307e+40 1.63135e+38 , 
-2.24071e+34 -2.24071e+34 -4.80982e+35 , 1.7904e+39 1.78953e+40 1.79866e+38 , 
-2.47051e+34 -2.47051e+34 -5.3031e+35 , 1.97402e+39 1.97306e+40 1.98312e+38 , 
-2.72388e+34 -2.72388e+34 -5.84697e+35 , 2.17647e+39 2.17541e+40 2.1865e+38 , 
-3.00324e+34 -3.00324e+34 -6.44662e+35 , 2.39968e+39 2.39851e+40 2.41075e+38 , 
-3.31124e+34 -3.31124e+34 -7.10776e+35 , 2.64579e+39 2.6445e+40 2.65798e+38 , 
-3.65083e+34 -3.65083e+34 -7.83671e+35 , 2.91713e+39 2.91571e+40 2.93058e+38 , 
-4.02525e+34 -4.02525e+34 -8.64042e+35 , 3.2163e+39 3.21474e+40 3.23113e+38 , 
-4.43806e+34 -4.43806e+34 -9.52656e+35 , 3.54616e+39 3.54443e+40 3.5625e+38 , 
-4.89322e+34 -4.89322e+34 -1.05036e+36 , 3.90984e+39 3.90794e+40 3.92786e+38 , 
-5.39505e+34 -5.39505e+34 -1.15808e+36 , 4.31082e+39 4.30872e+40 4.33069e+38 , 
-5.94835e+34 -5.94835e+34 -1.27685e+36 , 4.75292e+39 4.75061e+40 4.77484e+38 , 
-6.55839e+34 -6.55839e+34 -1.4078e+36 , 5.24037e+39 5.23782e+40 5.26453e+38 , 
-7.231e+34 -7.231e+34 -1.55218e+36 , 5.7778e+39 5.77499e+40 5.80444e+38 , 
-7.97259e+34 -7.97259e+34 -1.71136e+36 , 6.37036e+39 6.36726e+40 6.39973e+38 , 
-8.79023e+34 -8.79023e+34 -1.88687e+36 , 7.02368e+39 7.02026e+40 7.05606e+38 , 
-9.69173e+34 -9.69173e+34 -2.08039e+36 , 7.74401e+39 7.74024e+40 7.77971e+38 , 
-1.06857e+35 -1.06857e+35 -2.29374e+36 , 8.53821e+39 8.53405e+40 8.57757e+38 , 
-1.17816e+35 -1.17816e+35 -2.52898e+36 , 9.41386e+39 9.40928e+40 9.45726e+38 , 
-1.29899e+35 -1.29899e+35 -2.78835e+36 , 1.03793e+40 1.03743e+41 1.04272e+39 , 
-1.43221e+35 -1.43221e+35 -3.07431e+36 , 1.14438e+40 1.14382e+41 1.14965e+39 , 
-1.57909e+35 -1.57909e+35 -3.3896e+36 , 1.26174e+40 1.26113e+41 1.26756e+39 , 
-1.74103e+35 -1.74103e+35 -3.73723e+36 , 1.39114e+40 1.39047e+41 1.39756e+39 , 
-1.91959e+35 -1.91959e+35 -4.12051e+36 , 1.53381e+40 1.53307e+41 1.54089e+39 , 
-2.11646e+35 -2.11646e+35 -4.5431e+36 , 1.69112e+40 1.69029e+41 1.69891e+39 , 
-2.33351e+35 -2.33351e+35 -5.00902e+36 , 1.86455e+40 1.86365e+41 1.87315e+39 , 
-2.57283e+35 -2.57283e+35 -5.52273e+36 , 2.05578e+40 2.05478e+41 2.06525e+39 , 
-2.83669e+35 -2.83669e+35 -6.08913e+36 , 2.26661e+40 2.26551e+41 2.27706e+39 , 
-3.12762e+35 -3.12762e+35 -6.71361e+36 , 2.49907e+40 2.49785e+41 2.51059e+39 , 
-3.44837e+35 -3.44837e+35 -7.40213e+36 , 2.75536e+40 2.75402e+41 2.76807e+39 , 
-3.80203e+35 -3.80203e+35 -8.16127e+36 , 3.03794e+40 3.03647e+41 3.05195e+39 , 
-4.19195e+35 -4.19195e+35 -8.99827e+36 , 3.34951e+40 3.34788e+41 3.36495e+39 , 
-4.62187e+35 -4.62187e+35 -9.9211e+36 , 3.69302e+40 3.69122e+41 3.71005e+39 , 
-5.09587e+35 -5.09587e+35 -1.09386e+37 , 4.07177e+40 4.06978e+41 4.09054e+39 , 
-5.61849e+35 -5.61849e+35 -1.20604e+37 , 4.48935e+40 4.48717e+41 4.51005e+39 , 
-6.1947e+35 -6.1947e+35 -1.32973e+37 , 4.94977e+40 4.94736e+41 4.97259e+39 , 
-6.83001e+35 -6.83001e+35 -1.4661e+37 , 5.4574e+40 5.45474e+41 5.48256e+39 , 
-7.53048e+35 -7.53048e+35 -1.61646e+37 , 6.01709e+40 6.01417e+41 6.04483e+39 , 
-8.30278e+35 -8.30278e+35 -1.78224e+37 , 6.63419e+40 6.63096e+41 6.66477e+39 , 
-9.15428e+35 -9.15428e+35 -1.96502e+37 , 7.31457e+40 7.31101e+41 7.34829e+39 , 
-1.00931e+36 -1.00931e+36 -2.16655e+37 , 8.06473e+40 8.0608e+41 8.10191e+39 , 
-1.11282e+36 -1.11282e+36 -2.38874e+37 , 8.89182e+40 8.88749e+41 8.93282e+39 , 
-1.22695e+36 -1.22695e+36 -2.63372e+37 , 9.80374e+40 9.79897e+41 9.84894e+39 , 
-1.35278e+36 -1.35278e+36 -2.90383e+37 , 1.08092e+41 1.08039e+42 1.0859e+40 , 
-1.49152e+36 -1.49152e+36 -3.20164e+37 , 1.19177e+41 1.19119e+42 1.19727e+40 , 
-1.64449e+36 -1.64449e+36 -3.52999e+37 , 1.314e+41 1.31336e+42 1.32006e+40 , 
-1.81314e+36 -1.81314e+36 -3.89201e+37 , 1.44876e+41 1.44805e+42 1.45544e+40 , 
-1.99909e+36 -1.99909e+36 -4.29116e+37 , 1.59734e+41 1.59656e+42 1.6047e+40 , 
-2.20411e+36 -2.20411e+36 -4.73125e+37 , 1.76116e+41 1.7603e+42 1.76928e+40 , 
-2.43016e+36 -2.43016e+36 -5.21647e+37 , 1.94177e+41 1.94083e+42 1.95073e+40 , 
-2.67939e+36 -2.67939e+36 -5.75146e+37 , 2.14092e+41 2.13987e+42 2.15079e+40 , 
-2.95418e+36 -2.95418e+36 -6.34131e+37 , 2.36048e+41 2.35933e+42 2.37137e+40 , 
-3.25715e+36 -3.25715e+36 -6.99165e+37 , 2.60257e+41 2.6013e+42 2.61456e+40 , 
-3.59119e+36 -3.59119e+36 -7.7087e+37 , 2.86948e+41 2.86808e+42 2.88271e+40 , 
-3.95949e+36 -3.95949e+36 -8.49928e+37 , 3.16376e+41 3.16222e+42 3.17835e+40 , 
-4.36556e+36 -4.36556e+36 -9.37094e+37 , 3.48823e+41 3.48653e+42 3.50431e+40 , 
-4.81328e+36 -4.81328e+36 -1.0332e+38 , 3.84597e+41 3.8441e+42 3.8637e+40 , 
-5.30692e+36 -5.30692e+36 -1.13916e+38 , 4.2404e+41 4.23834e+42 4.25995e+40 , 
-5.85118e+36 -5.85118e+36 -1.25599e+38 , 4.67528e+41 4.67301e+42 4.69684e+40 , 
-6.45126e+36 -6.45126e+36 -1.3848e+38 , 5.15476e+41 5.15226e+42 5.17853e+40 , 
-7.11288e+36 -7.11288e+36 -1.52682e+38 , 5.68342e+41 5.68065e+42 5.70962e+40 , 
-7.84235e+36 -7.84235e+36 -1.68341e+38 , 6.26629e+41 6.26324e+42 6.29518e+40 , 
-8.64664e+36 -8.64664e+36 -1.85605e+38 , 6.90895e+41 6.90558e+42 6.9408e+40 , 
-9.53341e+36 -9.53341e+36 -2.0464e+38 , 7.61751e+41 7.6138e+42 7.65262e+40 , 
-1.05111e+37 -1.05111e+37 -2.25627e+38 , 8.39873e+41 8.39465e+42 8.43745e+40 , 
-1.15891e+37 -1.15891e+37 -2.48767e+38 , 9.26008e+41 9.25557e+42 9.30277e+40 , 
-1.27777e+37 -1.27777e+37 -2.7428e+38 , 1.02098e+42 1.02048e+43 1.02568e+41 , 
-1.40881e+37 -1.40881e+37 -3.02409e+38 , 1.12568e+42 1.12514e+43 1.13087e+41 , 
-1.55329e+37 -1.55329e+37 -3.33423e+38 , 1.24113e+42 1.24053e+43 1.24685e+41 , 
-1.71259e+37 -1.71259e+37 -3.67618e+38 , 1.36842e+42 1.36775e+43 1.37473e+41 , 
-1.88823e+37 -1.88823e+37 -4.0532e+38 , 1.50876e+42 1.50802e+43 1.51571e+41 , 
-2.08188e+37 -2.08188e+37 -4.46888e+38 , 1.66349e+42 1.66268e+43 1.67116e+41 , 
-2.2954e+37 -2.2954e+37 -4.9272e+38 , 1.83409e+42 1.8332e+43 1.84255e+41 , 
-2.5308e+37 -2.5308e+37 -5.43252e+38 , 2.02219e+42 2.02121e+43 2.03152e+41 , 
-2.79035e+37 -2.79035e+37 -5.98966e+38 , 2.22958e+42 2.2285e+43 2.23986e+41 , 
-3.07652e+37 -3.07652e+37 -6.60394e+38 , 2.45824e+42 2.45705e+43 2.46958e+41 , 
-3.39204e+37 -3.39204e+37 -7.28122e+38 , 2.71035e+42 2.70903e+43 2.72285e+41 , 
-3.73992e+37 -3.73992e+37 -8.02796e+38 , 2.98832e+42 2.98686e+43 3.0021e+41 , 
-4.12348e+37 -4.12348e+37 -8.85128e+38 , 3.29479e+42 3.29319e+43 3.30998e+41 , 
-4.54637e+37 -4.54637e+37 -9.75904e+38 , 3.63269e+42 3.63093e+43 3.64944e+41 , 
-5.01263e+37 -5.01263e+37 -1.07599e+39 , 4.00525e+42 4.0033e+43 4.02372e+41 , 
-5.52671e+37 -5.52671e+37 -1.18634e+39 , 4.41602e+42 4.41387e+43 4.43638e+41 , 
-6.09351e+37 -6.09351e+37 -1.30801e+39 , 4.86891e+42 4.86654e+43 4.89136e+41 , 
-6.71844e+37 -6.71844e+37 -1.44215e+39 , 5.36825e+42 5.36564e+43 5.393e+41 , 
-7.40746e+37 -7.40746e+37 -1.59005e+39 , 5.9188e+42 5.91592e+43 5.94609e+41 , 
-8.16715e+37 -8.16715e+37 -1.75313e+39 , 6.52582e+42 6.52264e+43 6.5559e+41 , 
-9.00475e+37 -9.00475e+37 -1.93292e+39 , 7.19508e+42 7.19158e+43 7.22825e+41 , 
-9.92824e+37 -9.92824e+37 -2.13115e+39 , 7.93299e+42 7.92913e+43 7.96956e+41 , 
-1.09465e+38 -1.09465e+38 -2.34972e+39 , 8.74657e+42 8.74231e+43 8.7869e+41 , 
-1.20691e+38 -1.20691e+38 -2.5907e+39 , 9.64359e+42 9.6389e+43 9.68805e+41 , 
-1.33069e+38 -1.33069e+38 -2.85639e+39 , 1.06326e+43 1.06274e+44 1.06816e+42 , 
-1.46716e+38 -1.46716e+38 -3.14934e+39 , 1.17231e+43 1.17174e+44 1.17771e+42 , 
-1.61762e+38 -1.61762e+38 -3.47232e+39 , 1.29253e+43 1.2919e+44 1.29849e+42 , 
-1.78352e+38 -1.78352e+38 -3.82843e+39 , 1.42509e+43 1.4244e+44 1.43166e+42 , 
-1.96643e+38 -1.96643e+38 -4.22106e+39 , 1.57124e+43 1.57048e+44 1.57849e+42 , 
-2.16811e+38 -2.16811e+38 -4.65396e+39 , 1.73239e+43 1.73154e+44 1.74037e+42 , 
-2.39046e+38 -2.39046e+38 -5.13126e+39 , 1.91005e+43 1.90913e+44 1.91886e+42 , 
-2.63562e+38 -2.63562e+38 -5.65751e+39 , 2.10594e+43 2.10492e+44 2.11565e+42 , 
-2.90592e+38 -2.90592e+38 -6.23772e+39 , 2.32192e+43 2.32079e+44 2.33263e+42 , 
-3.20394e+38 -3.20394e+38 -6.87744e+39 , 2.56005e+43 2.55881e+44 2.57185e+42 , 
-3.53253e+38 -3.53253e+38 -7.58277e+39 , 2.8226e+43 2.82123e+44 2.83562e+42 , 
-3.89481e+38 -3.89481e+38 -8.36044e+39 , 3.11208e+43 3.11057e+44 3.12643e+42 , 
-4.29425e+38 -4.29425e+38 -9.21786e+39 , 3.43125e+43 3.42958e+44 3.44706e+42 , 
-4.73466e+38 -4.73466e+38 -1.01632e+40 , 3.78314e+43 3.7813e+44 3.80059e+42 , 
-5.22023e+38 -5.22023e+38 -1.12055e+40 , 4.17113e+43 4.1691e+44 4.19036e+42 , 
-5.7556e+38 -5.7556e+38 -1.23547e+40 , 4.59891e+43 4.59667e+44 4.62011e+42 , 
-6.34587e+38 -6.34587e+38 -1.36218e+40 , 5.07056e+43 5.06809e+44 5.09394e+42 , 
-6.99669e+38 -6.99669e+38 -1.50188e+40 , 5.59058e+43 5.58786e+44 5.61635e+42 , 
-7.71425e+38 -7.71425e+38 -1.65591e+40 , 6.16393e+43 6.16093e+44 6.19235e+42 , 
-8.50539e+38 -8.50539e+38 -1.82573e+40 , 6.79609e+43 6.79278e+44 6.82742e+42 , 
-9.37768e+38 -9.37768e+38 -2.01297e+40 , 7.49307e+43 7.48942e+44 7.52762e+42 , 
-1.03394e+39 -1.03394e+39 -2.21942e+40 , 8.26154e+43 8.25752e+44 8.29962e+42 , 
-1.13998e+39 -1.13998e+39 -2.44703e+40 , 9.10881e+43 9.10438e+44 9.15081e+42 , 
-1.25689e+39 -1.25689e+39 -2.69799e+40 , 1.0043e+44 1.00381e+45 1.00893e+43 , 
-1.3858e+39 -1.3858e+39 -2.97469e+40 , 1.1073e+44 1.10676e+45 1.1124e+43 , 
-1.52792e+39 -1.52792e+39 -3.27977e+40 , 1.22086e+44 1.22026e+45 1.22649e+43 , 
-1.68462e+39 -1.68462e+39 -3.61613e+40 , 1.34606e+44 1.34541e+45 1.35227e+43 , 
-1.85739e+39 -1.85739e+39 -3.98699e+40 , 1.48411e+44 1.48339e+45 1.49095e+43 , 
-2.04788e+39 -2.04788e+39 -4.39588e+40 , 1.63632e+44 1.63552e+45 1.64386e+43 , 
-2.2579e+39 -2.2579e+39 -4.84671e+40 , 1.80413e+44 1.80326e+45 1.81245e+43 , 
-2.48946e+39 -2.48946e+39 -5.34377e+40 , 1.98916e+44 1.98819e+45 1.99833e+43 , 
-2.74477e+39 -2.74477e+39 -5.89181e+40 , 2.19316e+44 2.1921e+45 2.20327e+43 , 
-3.02627e+39 -3.02627e+39 -6.49606e+40 , 2.41809e+44 2.41691e+45 2.42923e+43 , 
-3.33663e+39 -3.33663e+39 -7.16228e+40 , 2.66608e+44 2.66478e+45 2.67837e+43 , 
-3.67883e+39 -3.67883e+39 -7.89682e+40 , 2.9395e+44 2.93807e+45 2.95305e+43 , 
-4.05612e+39 -4.05612e+39 -8.70669e+40 , 3.24097e+44 3.23939e+45 3.25591e+43 , 
-4.4721e+39 -4.4721e+39 -9.59962e+40 , 3.57335e+44 3.57161e+45 3.58983e+43 , 
-4.93074e+39 -4.93074e+39 -1.05841e+41 , 3.93982e+44 3.93791e+45 3.95799e+43 , 
-5.43643e+39 -5.43643e+39 -1.16696e+41 , 4.34388e+44 4.34177e+45 4.36391e+43 , 
-5.99397e+39 -5.99397e+39 -1.28664e+41 , 4.78937e+44 4.78704e+45 4.81146e+43 , 
-6.60869e+39 -6.60869e+39 -1.41859e+41 , 5.28056e+44 5.27799e+45 5.3049e+43 , 
-7.28646e+39 -7.28646e+39 -1.56408e+41 , 5.82212e+44 5.81928e+45 5.84896e+43 , 
-8.03373e+39 -8.03373e+39 -1.72449e+41 , 6.41921e+44 6.41609e+45 6.44881e+43 , 
-8.85765e+39 -8.85765e+39 -1.90135e+41 , 7.07755e+44 7.0741e+45 7.11018e+43 , 
-9.76606e+39 -9.76606e+39 -2.09634e+41 , 7.8034e+44 7.7996e+45 7.83938e+43 , 
-1.07676e+40 -1.07676e+40 -2.31134e+41 , 8.60369e+44 8.5995e+45 8.64336e+43 , 
-1.18719e+40 -1.18719e+40 -2.54838e+41 , 9.48606e+44 9.48144e+45 9.52979e+43 , 
-1.30895e+40 -1.30895e+40 -2.80973e+41 , 1.04589e+45 1.04538e+46 1.05071e+44 , 
-1.44319e+40 -1.44319e+40 -3.09789e+41 , 1.15316e+45 1.15259e+46 1.15847e+44 , 
-1.5912e+40 -1.5912e+40 -3.4156e+41 , 1.27142e+45 1.2708e+46 1.27728e+44 , 
-1.75439e+40 -1.75439e+40 -3.76589e+41 , 1.40181e+45 1.40113e+46 1.40828e+44 , 
-1.93431e+40 -1.93431e+40 -4.15211e+41 , 1.54558e+45 1.54483e+46 1.5527e+44 , 
-2.13269e+40 -2.13269e+40 -4.57794e+41 , 1.70409e+45 1.70326e+46 1.71194e+44 , 
-2.35141e+40 -2.35141e+40 -5.04744e+41 , 1.87885e+45 1.87794e+46 1.88752e+44 , 
-2.59256e+40 -2.59256e+40 -5.56509e+41 , 2.07154e+45 2.07053e+46 2.08109e+44 , 
-2.85845e+40 -2.85845e+40 -6.13583e+41 , 2.28399e+45 2.28288e+46 2.29452e+44 , 
