1 1 1 , 2000 20000 200 , 
0.90005 0.90005 0.85005 , 2000.2 20001 200.11 , 
0.809595 0.809595 0.709343 , 2020.4 20202.1 202.221 , 
0.727684 0.727684 0.576425 , 2060.71 20604.2 206.343 , 
0.653455 0.653455 0.44993 , 2121.42 21210.3 212.508 , 
0.586129 0.586129 0.328561 , 2203.04 22025.6 220.768 , 
0.524997 0.524997 0.211077 , 2306.3 23057 231.195 , 
0.469417 0.469417 0.0962864 , 2432.1 24313.9 243.882 , 
0.418807 0.418807 -0.0169735 , 2581.6 25807.8 258.945 , 
0.372635 0.372635 -0.129842 , 2756.18 27552.3 276.523 , 
0.330418 0.330418 -0.243451 , 2957.46 29563.7 296.779 , 
0.291714 0.291714 -0.358932 , 3187.31 31860.8 319.903 , 
0.256119 0.256119 -0.477431 , 3447.9 34465.1 346.111 , 
0.223262 0.223262 -0.600117 , 3741.68 37401.2 375.651 , 
0.192799 0.192799 -0.728197 , 4071.43 40696.8 408.8 , 
0.164416 0.164416 -0.862925 , 4440.25 44383 445.874 , 
0.137817 0.137817 -1.00562 , 4851.65 48494.8 487.223 , 
0.112728 0.112728 -1.15766 , 5309.53 53071.2 533.24 , 
0.0888902 0.0888902 -1.32052 , 5818.24 58155.6 584.361 , 
0.0660595 0.0660595 -1.49578 , 6382.62 63796.5 641.073 , 
0.0440024 0.0440024 -1.68514 , 7008.02 70047.4 703.915 , 
0.0224946 0.0224946 -1.8904 , 7700.41 76967.8 773.484 , 
0.00131808 0.00131808 -2.11356 , 8466.38 84623.6 850.445 , 
-0.0197404 -0.0197404 -2.35675 , 9313.22 93087.8 935.529 , 
-0.040892 -0.040892 -2.6223 , 10249 102441 1029.55 , 
-0.0623479 -0.0623479 -2.91276 , 11282.6 112772 1133.39 , 
-0.084321 -0.084321 -3.2309 , 12424 124180 1248.06 , 
-0.107029 -0.107029 -3.57979 , 13683.9 136773 1374.64 , 
-0.130694 -0.130694 -3.96274 , 15074.5 150672 1514.34 , 
-0.155549 -0.155549 -4.38343 , 16608.9 166008 1668.5 , 
-0.181837 -0.181837 -4.84586 , 18301.8 182929 1838.57 , 
-0.209813 -0.209813 -5.35447 , 20169.3 201595 2026.19 , 
-0.239748 -0.239748 -5.91411 , 22229.3 222185 2233.14 , 
-0.271933 -0.271933 -6.53011 , 24501.4 244895 2461.4 , 
-0.306678 -0.306678 -7.20837 , 27007.2 269941 2713.14 , 
-0.344318 -0.344318 -7.95535 , 29770.7 297563 2990.77 , 
-0.385215 -0.385215 -8.77819 , 32818.3 328023 3296.93 , 
-0.429761 -0.429761 -9.68474 , 36178.9 361613 3634.55 , 
-0.478384 -0.478384 -10.6836 , 39884.7 398653 4006.84 , 
-0.531551 -0.531551 -11.7844 , 43971 439496 4417.35 , 
-0.58977 -0.58977 -12.9976 , 48476.8 484532 4870.01 , 
-0.653598 -0.653598 -14.3348 , 53445 534190 5369.13 , 
-0.723647 -0.723647 -15.8087 , 58923.1 588944 5919.46 , 
-0.800585 -0.800585 -17.4334 , 64963.3 649317 6526.27 , 
-0.885148 -0.885148 -19.2244 , 71623.3 715884 7195.34 , 
-0.978144 -0.978144 -21.1987 , 78966.5 789281 7933.04 , 
-1.08046 -1.08046 -23.3753 , 87063 870206 8746.43 , 
-1.19308 -1.19308 -25.7748 , 95990.1 959434 9643.26 , 
-1.31706 -1.31706 -28.4203 , 105833 1.05781e+06 10632.1 , 
-1.45361 -1.45361 -31.3368 , 116685 1.16628e+06 11722.3 , 
-1.60402 -1.60402 -34.5523 , 128651 1.28588e+06 12924.4 , 
-1.76972 -1.76972 -38.0973 , 141844 1.41775e+06 14249.8 , 
-1.9523 -1.9523 -42.0058 , 156390 1.56313e+06 15711.1 , 
-2.15349 -2.15349 -46.315 , 172427 1.72343e+06 17322.2 , 
-2.37523 -2.37523 -51.066 , 190110 1.90018e+06 19098.7 , 
-2.61962 -2.61962 -56.3042 , 209606 2.09504e+06 21057.3 , 
-2.889 -2.889 -62.0795 , 231102 2.3099e+06 23216.8 , 
-3.18593 -3.18593 -68.447 , 254803 2.54679e+06 25597.7 , 
-3.51326 -3.51326 -75.4674 , 280934 2.80797e+06 28222.9 , 
-3.87409 -3.87409 -83.2077 , 309745 3.09594e+06 31117.3 , 
-4.27188 -4.27188 -91.7419 , 341511 3.41345e+06 34308.6 , 
-4.71042 -4.71042 -101.151 , 376535 3.76352e+06 37827.1 , 
-5.1939 -5.1939 -111.525 , 415151 4.14949e+06 41706.5 , 
-5.72692 -5.72692 -122.964 , 457727 4.57504e+06 45983.7 , 
-6.31457 -6.31457 -135.575 , 504670 5.04424e+06 50699.6 , 
-6.96246 -6.96246 -149.479 , 556427 5.56156e+06 55899.2 , 
-7.67676 -7.67676 -164.81 , 613492 6.13193e+06 61632 , 
-8.4643 -8.4643 -181.712 , 676410 6.7608e+06 67952.8 , 
-9.33258 -9.33258 -200.348 , 745780 7.45417e+06 74921.8 , 
-10.2899 -10.2899 -220.896 , 822264 8.21864e+06 82605.5 , 
-11.3454 -11.3454 -243.55 , 906593 9.06152e+06 91077.3 , 
-12.5091 -12.5091 -268.528 , 999570 9.99084e+06 100418 , 
-13.7921 -13.7921 -296.068 , 1.10208e+06 1.10155e+07 110716 , 
-15.2067 -15.2067 -326.432 , 1.21511e+06 1.21452e+07 122071 , 
-16.7663 -16.7663 -359.91 , 1.33973e+06 1.33907e+07 134590 , 
-18.486 -18.486 -396.821 , 1.47712e+06 1.47641e+07 148393 , 
-20.3819 -20.3819 -437.518 , 1.62861e+06 1.62782e+07 163612 , 
-22.4723 -22.4723 -482.388 , 1.79564e+06 1.79477e+07 180392 , 
-24.7771 -24.7771 -531.861 , 1.97979e+06 1.97883e+07 198892 , 
-27.3182 -27.3182 -586.407 , 2.18284e+06 2.18177e+07 219290 , 
-30.1199 -30.1199 -646.547 , 2.4067e+06 2.40553e+07 241780 , 
-33.209 -33.209 -712.855 , 2.65352e+06 2.65223e+07 266576 , 
-36.6148 -36.6148 -785.963 , 2.92566e+06 2.92424e+07 293915 , 
-40.37 -40.37 -866.569 , 3.22571e+06 3.22414e+07 324058 , 
-44.5102 -44.5102 -955.442 , 3.55653e+06 3.5548e+07 357292 , 
-49.0751 -49.0751 -1053.43 , 3.92127e+06 3.91936e+07 393935 , 
-54.1081 -54.1081 -1161.47 , 4.32343e+06 4.32132e+07 434336 , 
-59.6573 -59.6573 -1280.58 , 4.76682e+06 4.7645e+07 478880 , 
-65.7756 -65.7756 -1411.91 , 5.25569e+06 5.25314e+07 527992 , 
-72.5214 -72.5214 -1556.72 , 5.7947e+06 5.79188e+07 582142 , 
-79.959 -79.959 -1716.37 , 6.38899e+06 6.38588e+07 641844 , 
-88.1593 -88.1593 -1892.39 , 7.04422e+06 7.04079e+07 707670 , 
-97.2007 -97.2007 -2086.47 , 7.76666e+06 7.76288e+07 780246 , 
-107.169 -107.169 -2300.45 , 8.56318e+06 8.55901e+07 860266 , 
-118.16 -118.16 -2536.38 , 9.44139e+06 9.4368e+07 948492 , 
-130.278 -130.278 -2796.5 , 1.04097e+07 1.04046e+08 1.04577e+06 , 
-143.639 -143.639 -3083.3 , 1.14773e+07 1.14717e+08 1.15302e+06 , 
-158.371 -158.371 -3399.52 , 1.26543e+07 1.26482e+08 1.27127e+06 , 
-174.613 -174.613 -3748.16 , 1.39521e+07 1.39453e+08 1.40164e+06 , 
-192.52 -192.52 -4132.56 , 1.5383e+07 1.53755e+08 1.54539e+06 , 
-212.265 -212.265 -4556.38 , 1.69606e+07 1.69524e+08 1.70388e+06 , 
-234.034 -234.034 -5023.67 , 1.87001e+07 1.8691e+08 1.87863e+06 , 
-258.036 -258.036 -5538.88 , 2.06179e+07 2.06079e+08 2.07129e+06 , 
-284.499 -284.499 -6106.93 , 2.27324e+07 2.27213e+08 2.28372e+06 , 
-313.676 -313.676 -6733.24 , 2.50638e+07 2.50516e+08 2.51793e+06 , 
-345.846 -345.846 -7423.78 , 2.76342e+07 2.76208e+08 2.77616e+06 , 
-381.315 -381.315 -8185.14 , 3.04683e+07 3.04535e+08 3.06088e+06 , 
-420.421 -420.421 -9024.59 , 3.3593e+07 3.35767e+08 3.37479e+06 , 
-463.538 -463.538 -9950.12 , 3.70382e+07 3.70202e+08 3.7209e+06 , 
-511.077 -511.077 -10970.6 , 4.08367e+07 4.08169e+08 4.1025e+06 , 
-563.492 -563.492 -12095.7 , 4.50248e+07 4.50029e+08 4.52324e+06 , 
-621.282 -621.282 -13336.2 , 4.96424e+07 4.96183e+08 4.98713e+06 , 
-684.999 -684.999 -14703.9 , 5.47336e+07 5.4707e+08 5.4986e+06 , 
-755.25 -755.25 -16211.9 , 6.03469e+07 6.03176e+08 6.06251e+06 , 
-832.706 -832.706 -17874.5 , 6.65359e+07 6.65035e+08 6.68427e+06 , 
-918.106 -918.106 -19707.7 , 7.33596e+07 7.33239e+08 7.36978e+06 , 
-1012.26 -1012.26 -21728.8 , 8.08832e+07 8.08438e+08 8.12561e+06 , 
-1116.08 -1116.08 -23957.3 , 8.91783e+07 8.91349e+08 8.95894e+06 , 
-1230.54 -1230.54 -26414.3 , 9.83241e+07 9.82763e+08 9.87774e+06 , 
-1356.74 -1356.74 -29123.2 , 1.08408e+08 1.08355e+09 1.08908e+07 , 
-1495.88 -1495.88 -32110 , 1.19526e+08 1.19468e+09 1.20077e+07 , 
-1649.3 -1649.3 -35403.1 , 1.31784e+08 1.3172e+09 1.32392e+07 , 
-1818.44 -1818.44 -39033.9 , 1.45299e+08 1.45229e+09 1.45969e+07 , 
-2004.94 -2004.94 -43037.1 , 1.60201e+08 1.60123e+09 1.6094e+07 , 
-2210.56 -2210.56 -47450.9 , 1.76631e+08 1.76545e+09 1.77445e+07 , 
-2437.26 -2437.26 -52317.3 , 1.94745e+08 1.94651e+09 1.95643e+07 , 
-2687.22 -2687.22 -57682.8 , 2.14718e+08 2.14613e+09 2.15708e+07 , 
-2962.82 -2962.82 -63598.6 , 2.36739e+08 2.36623e+09 2.3783e+07 , 
-3266.67 -3266.67 -70121 , 2.61018e+08 2.60891e+09 2.62221e+07 , 
-3601.69 -3601.69 -77312.4 , 2.87787e+08 2.87647e+09 2.89114e+07 , 
-3971.07 -3971.07 -85241.3 , 3.17301e+08 3.17147e+09 3.18764e+07 , 
-4378.33 -4378.33 -93983.4 , 3.49843e+08 3.49673e+09 3.51456e+07 , 
-4827.36 -4827.36 -103622 , 3.85722e+08 3.85534e+09 3.875e+07 , 
-5322.44 -5322.44 -114249 , 4.2528e+08 4.25073e+09 4.27241e+07 , 
-5868.29 -5868.29 -125966 , 4.68896e+08 4.68667e+09 4.71057e+07 , 
-6470.13 -6470.13 -138885 , 5.16984e+08 5.16732e+09 5.19367e+07 , 
-7133.68 -7133.68 -153129 , 5.70004e+08 5.69727e+09 5.72632e+07 , 
-7865.29 -7865.29 -168833 , 6.28462e+08 6.28156e+09 6.3136e+07 , 
-8671.93 -8671.93 -186148 , 6.92915e+08 6.92578e+09 6.9611e+07 , 
-9561.3 -9561.3 -205239 , 7.63978e+08 7.63607e+09 7.67501e+07 , 
-10541.9 -10541.9 -226287 , 8.4233e+08 8.4192e+09 8.46213e+07 , 
-11623 -11623 -249495 , 9.28716e+08 9.28264e+09 9.32998e+07 , 
-12815 -12815 -275082 , 1.02396e+09 1.02346e+10 1.02868e+08 , 
-14129.3 -14129.3 -303294 , 1.12898e+09 1.12843e+10 1.13418e+08 , 
-15578.4 -15578.4 -334398 , 1.24476e+09 1.24416e+10 1.2505e+08 , 
-17176 -17176 -368693 , 1.37242e+09 1.37175e+10 1.37875e+08 , 
-18937.5 -18937.5 -406505 , 1.51317e+09 1.51244e+10 1.52015e+08 , 
-20879.7 -20879.7 -448195 , 1.66836e+09 1.66755e+10 1.67605e+08 , 
-23021.1 -23021.1 -494161 , 1.83946e+09 1.83856e+10 1.84794e+08 , 
-25382.1 -25382.1 -544840 , 2.02811e+09 2.02712e+10 2.03746e+08 , 
-27985.2 -27985.2 -600718 , 2.2361e+09 2.23502e+10 2.24641e+08 , 
-30855.2 -30855.2 -662325 , 2.46543e+09 2.46423e+10 2.4768e+08 , 
-34019.6 -34019.6 -730251 , 2.71828e+09 2.71696e+10 2.73081e+08 , 
-37508.6 -37508.6 -805144 , 2.99706e+09 2.9956e+10 3.01088e+08 , 
-41355.4 -41355.4 -887717 , 3.30443e+09 3.30282e+10 3.31966e+08 , 
-45596.6 -45596.6 -978758 , 3.64332e+09 3.64155e+10 3.66012e+08 , 
-50272.9 -50272.9 -1.07914e+06 , 4.01697e+09 4.01501e+10 4.03549e+08 , 
-55428.7 -55428.7 -1.18981e+06 , 4.42893e+09 4.42678e+10 4.44935e+08 , 
-61113.3 -61113.3 -1.31183e+06 , 4.88315e+09 4.88077e+10 4.90566e+08 , 
-67380.9 -67380.9 -1.44637e+06 , 5.38395e+09 5.38133e+10 5.40877e+08 , 
-74291.3 -74291.3 -1.5947e+06 , 5.93611e+09 5.93322e+10 5.96348e+08 , 
-81910.3 -81910.3 -1.75825e+06 , 6.5449e+09 6.54172e+10 6.57508e+08 , 
-90310.8 -90310.8 -1.93857e+06 , 7.21613e+09 7.21261e+10 7.2494e+08 , 
-99572.8 -99572.8 -2.13739e+06 , 7.95619e+09 7.95232e+10 7.99287e+08 , 
-109785 -109785 -2.35659e+06 , 8.77215e+09 8.76788e+10 8.81259e+08 , 
-121044 -121044 -2.59828e+06 , 9.6718e+09 9.66709e+10 9.71639e+08 , 
-133458 -133458 -2.86475e+06 , 1.06637e+10 1.06585e+11 1.07129e+09 , 
-147145 -147145 -3.15855e+06 , 1.17573e+10 1.17516e+11 1.18115e+09 , 
-162235 -162235 -3.48248e+06 , 1.29631e+10 1.29568e+11 1.30229e+09 , 
-178874 -178874 -3.83963e+06 , 1.42926e+10 1.42856e+11 1.43585e+09 , 
-197219 -197219 -4.23341e+06 , 1.57584e+10 1.57507e+11 1.58311e+09 , 
-217445 -217445 -4.66758e+06 , 1.73745e+10 1.73661e+11 1.74546e+09 , 
-239745 -239745 -5.14627e+06 , 1.91564e+10 1.91471e+11 1.92447e+09 , 
-264333 -264333 -5.67405e+06 , 2.1121e+10 2.11108e+11 2.12184e+09 , 
-291442 -291442 -6.25597e+06 , 2.32871e+10 2.32758e+11 2.33945e+09 , 
-321331 -321331 -6.89756e+06 , 2.56754e+10 2.56629e+11 2.57938e+09 , 
-354286 -354286 -7.60495e+06 , 2.83086e+10 2.82948e+11 2.84391e+09 , 
-390620 -390620 -8.38489e+06 , 3.12118e+10 3.11966e+11 3.13557e+09 , 
-430681 -430681 -9.24482e+06 , 3.44128e+10 3.43961e+11 3.45715e+09 , 
-474850 -474850 -1.01929e+07 , 3.79421e+10 3.79236e+11 3.8117e+09 , 
-523550 -523550 -1.12383e+07 , 4.18333e+10 4.18129e+11 4.20262e+09 , 
-577243 -577243 -1.23909e+07 , 4.61236e+10 4.61011e+11 4.63362e+09 , 
-636443 -636443 -1.36616e+07 , 5.08539e+10 5.08291e+11 5.10883e+09 , 
-701715 -701715 -1.50627e+07 , 5.60693e+10 5.6042e+11 5.63278e+09 , 
-773681 -773681 -1.66075e+07 , 6.18196e+10 6.17895e+11 6.21046e+09 , 
-853027 -853027 -1.83107e+07 , 6.81596e+10 6.81265e+11 6.84739e+09 , 
-940511 -940511 -2.01886e+07 , 7.51499e+10 7.51133e+11 7.54963e+09 , 
-1.03697e+06 -1.03697e+06 -2.22591e+07 , 8.2857e+10 8.28167e+11 8.3239e+09 , 
-1.14331e+06 -1.14331e+06 -2.45419e+07 , 9.13545e+10 9.13101e+11 9.17757e+09 , 
-1.26057e+06 -1.26057e+06 -2.70589e+07 , 1.00724e+11 1.00675e+12 1.01188e+10 , 
-1.38985e+06 -1.38985e+06 -2.98339e+07 , 1.11053e+11 1.10999e+12 1.11565e+10 , 
-1.53239e+06 -1.53239e+06 -3.28936e+07 , 1.22443e+11 1.22383e+12 1.23007e+10 , 
-1.68955e+06 -1.68955e+06 -3.62671e+07 , 1.35e+11 1.34934e+12 1.35623e+10 , 
-1.86282e+06 -1.86282e+06 -3.99865e+07 , 1.48845e+11 1.48773e+12 1.49532e+10 , 
-2.05386e+06 -2.05386e+06 -4.40874e+07 , 1.6411e+11 1.64031e+12 1.64867e+10 , 
-2.2645e+06 -2.2645e+06 -4.86089e+07 , 1.80941e+11 1.80853e+12 1.81775e+10 , 
-2.49674e+06 -2.49674e+06 -5.3594e+07 , 1.99498e+11 1.99401e+12 2.00418e+10 , 
-2.7528e+06 -2.7528e+06 -5.90905e+07 , 2.19958e+11 2.19851e+12 2.20972e+10 , 
-3.03512e+06 -3.03512e+06 -6.51506e+07 , 2.42516e+11 2.42398e+12 2.43634e+10 , 
-3.34639e+06 -3.34639e+06 -7.18322e+07 , 2.67388e+11 2.67257e+12 2.6862e+10 , 
-3.68959e+06 -3.68959e+06 -7.91991e+07 , 2.9481e+11 2.94667e+12 2.96169e+10 , 
-4.06798e+06 -4.06798e+06 -8.73215e+07 , 3.25045e+11 3.24887e+12 3.26543e+10 , 
-4.48518e+06 -4.48518e+06 -9.6277e+07 , 3.5838e+11 3.58206e+12 3.60033e+10 , 
-4.94517e+06 -4.94517e+06 -1.06151e+08 , 3.95135e+11 3.94942e+12 3.96956e+10 , 
-5.45233e+06 -5.45233e+06 -1.17037e+08 , 4.35658e+11 4.35446e+12 4.37667e+10 , 
-6.0115e+06 -6.0115e+06 -1.2904e+08 , 4.80338e+11 4.80105e+12 4.82553e+10 , 
-6.62802e+06 -6.62802e+06 -1.42274e+08 , 5.296e+11 5.29343e+12 5.32042e+10 , 
-7.30777e+06 -7.30777e+06 -1.56865e+08 , 5.83914e+11 5.8363e+12 5.86606e+10 , 
-8.05723e+06 -8.05723e+06 -1.72953e+08 , 6.43799e+11 6.43486e+12 6.46767e+10 , 
-8.88356e+06 -8.88356e+06 -1.90691e+08 , 7.09825e+11 7.09479e+12 7.13097e+10 , 
-9.79463e+06 -9.79463e+06 -2.10247e+08 , 7.82622e+11 7.82241e+12 7.8623e+10 , 
-1.07991e+07 -1.07991e+07 -2.3181e+08 , 8.62886e+11 8.62466e+12 8.66864e+10 , 
-1.19067e+07 -1.19067e+07 -2.55583e+08 , 9.5138e+11 9.50917e+12 9.55767e+10 , 
-1.31278e+07 -1.31278e+07 -2.81795e+08 , 1.04895e+12 1.04844e+13 1.05379e+11 , 
-1.44741e+07 -1.44741e+07 -3.10695e+08 , 1.15653e+12 1.15597e+13 1.16186e+11 , 
-1.59585e+07 -1.59585e+07 -3.42559e+08 , 1.27514e+12 1.27452e+13 1.28102e+11 , 
-1.75952e+07 -1.75952e+07 -3.77691e+08 , 1.40591e+12 1.40523e+13 1.41239e+11 , 
-1.93997e+07 -1.93997e+07 -4.16426e+08 , 1.5501e+12 1.54934e+13 1.55724e+11 , 
-2.13893e+07 -2.13893e+07 -4.59133e+08 , 1.70907e+12 1.70824e+13 1.71695e+11 , 
-2.35829e+07 -2.35829e+07 -5.0622e+08 , 1.88435e+12 1.88343e+13 1.89304e+11 , 
-2.60015e+07 -2.60015e+07 -5.58136e+08 , 2.0776e+12 2.07659e+13 2.08718e+11 , 
-2.86681e+07 -2.86681e+07 -6.15377e+08 , 2.29067e+12 2.28956e+13 2.30123e+11 , 
-3.16082e+07 -3.16082e+07 -6.78488e+08 , 2.5256e+12 2.52437e+13 2.53724e+11 , 
-3.48498e+07 -3.48498e+07 -7.48072e+08 , 2.78462e+12 2.78326e+13 2.79745e+11 , 
-3.84239e+07 -3.84239e+07 -8.24792e+08 , 3.0702e+12 3.0687e+13 3.08435e+11 , 
-4.23646e+07 -4.23646e+07 -9.0938e+08 , 3.38507e+12 3.38342e+13 3.40067e+11 , 
-4.67094e+07 -4.67094e+07 -1.00264e+09 , 3.73223e+12 3.73041e+13 3.74944e+11 , 
-5.14997e+07 -5.14997e+07 -1.10547e+09 , 4.11499e+12 4.11299e+13 4.13397e+11 , 
-5.67814e+07 -5.67814e+07 -1.21884e+09 , 4.53701e+12 4.53481e+13 4.55793e+11 , 
-6.26047e+07 -6.26047e+07 -1.34385e+09 , 5.00232e+12 4.99988e+13 5.02538e+11 , 
-6.90252e+07 -6.90252e+07 -1.48167e+09 , 5.51534e+12 5.51265e+13 5.54077e+11 , 
-7.61042e+07 -7.61042e+07 -1.63362e+09 , 6.08097e+12 6.07802e+13 6.10901e+11 , 
-8.39093e+07 -8.39093e+07 -1.80116e+09 , 6.70462e+12 6.70136e+13 6.73553e+11 , 
-9.25147e+07 -9.25147e+07 -1.98588e+09 , 7.39223e+12 7.38863e+13 7.42631e+11 , 
-1.02003e+08 -1.02003e+08 -2.18955e+09 , 8.15035e+12 8.14638e+13 8.18792e+11 , 
-1.12464e+08 -1.12464e+08 -2.4141e+09 , 8.98622e+12 8.98185e+13 9.02765e+11 , 
-1.23998e+08 -1.23998e+08 -2.66168e+09 , 9.90782e+12 9.903e+13 9.9535e+11 , 
-1.36715e+08 -1.36715e+08 -2.93466e+09 , 1.09239e+13 1.09186e+14 1.09743e+12 , 
-1.50736e+08 -1.50736e+08 -3.23563e+09 , 1.20443e+13 1.20384e+14 1.20998e+12 , 
-1.66195e+08 -1.66195e+08 -3.56746e+09 , 1.32795e+13 1.3273e+14 1.33407e+12 , 
-1.83239e+08 -1.83239e+08 -3.93333e+09 , 1.46414e+13 1.46343e+14 1.47089e+12 , 
-2.02031e+08 -2.02031e+08 -4.33672e+09 , 1.6143e+13 1.61351e+14 1.62174e+12 , 
-2.22751e+08 -2.22751e+08 -4.78148e+09 , 1.77985e+13 1.77899e+14 1.78806e+12 , 
-2.45596e+08 -2.45596e+08 -5.27185e+09 , 1.96239e+13 1.96143e+14 1.97144e+12 , 
-2.70783e+08 -2.70783e+08 -5.81252e+09 , 2.16365e+13 2.16259e+14 2.17362e+12 , 
-2.98554e+08 -2.98554e+08 -6.40863e+09 , 2.38554e+13 2.38438e+14 2.39654e+12 , 
-3.29173e+08 -3.29173e+08 -7.06588e+09 , 2.6302e+13 2.62892e+14 2.64232e+12 , 
-3.62932e+08 -3.62932e+08 -7.79054e+09 , 2.89994e+13 2.89853e+14 2.91331e+12 , 
-4.00153e+08 -4.00153e+08 -8.58951e+09 , 3.19735e+13 3.19579e+14 3.21209e+12 , 
-4.41191e+08 -4.41191e+08 -9.47042e+09 , 3.52526e+13 3.52354e+14 3.54151e+12 , 
-4.86438e+08 -4.86438e+08 -1.04417e+10 , 3.8868e+13 3.88491e+14 3.90472e+12 , 
-5.36326e+08 -5.36326e+08 -1.15125e+10 , 4.28542e+13 4.28333e+14 4.30518e+12 , 
-5.9133e+08 -5.9133e+08 -1.26932e+10 , 4.72492e+13 4.72262e+14 4.7467e+12 , 
-6.51975e+08 -6.51975e+08 -1.3995e+10 , 5.20949e+13 5.20695e+14 5.23351e+12 , 
-7.18839e+08 -7.18839e+08 -1.54303e+10 , 5.74376e+13 5.74096e+14 5.77024e+12 , 
-7.92561e+08 -7.92561e+08 -1.70128e+10 , 6.33282e+13 6.32974e+14 6.36202e+12 , 
-8.73844e+08 -8.73844e+08 -1.87576e+10 , 6.9823e+13 6.9789e+14 7.01449e+12 , 
-9.63463e+08 -9.63463e+08 -2.06813e+10 , 7.69838e+13 7.69463e+14 7.73387e+12 , 
-1.06227e+09 -1.06227e+09 -2.28023e+10 , 8.4879e+13 8.48377e+14 8.52703e+12 , 
-1.17122e+09 -1.17122e+09 -2.51408e+10 , 9.35839e+13 9.35384e+14 9.40154e+12 , 
-1.29133e+09 -1.29133e+09 -2.77192e+10 , 1.03182e+14 1.03131e+15 1.03657e+13 , 
-1.42377e+09 -1.42377e+09 -3.0562e+10 , 1.13764e+14 1.13708e+15 1.14288e+13 , 
-1.56978e+09 -1.56978e+09 -3.36963e+10 , 1.25431e+14 1.2537e+15 1.26009e+13 , 
-1.73078e+09 -1.73078e+09 -3.71521e+10 , 1.38295e+14 1.38227e+15 1.38932e+13 , 
-1.90828e+09 -1.90828e+09 -4.09623e+10 , 1.52478e+14 1.52403e+15 1.53181e+13 , 
-2.10399e+09 -2.10399e+09 -4.51633e+10 , 1.68115e+14 1.68033e+15 1.6889e+13 , 
-2.31976e+09 -2.31976e+09 -4.97951e+10 , 1.85357e+14 1.85266e+15 1.86211e+13 , 
-2.55767e+09 -2.55767e+09 -5.49019e+10 , 2.04366e+14 2.04267e+15 2.05308e+13 , 
-2.81998e+09 -2.81998e+09 -6.05325e+10 , 2.25325e+14 2.25216e+15 2.26364e+13 , 
-3.10919e+09 -3.10919e+09 -6.67405e+10 , 2.48434e+14 2.48313e+15 2.49579e+13 , 
-3.42806e+09 -3.42806e+09 -7.35852e+10 , 2.73913e+14 2.73779e+15 2.75176e+13 , 
-3.77963e+09 -3.77963e+09 -8.11319e+10 , 3.02004e+14 3.01857e+15 3.03397e+13 , 
-4.16725e+09 -4.16725e+09 -8.94525e+10 , 3.32977e+14 3.32815e+15 3.34512e+13 , 
-4.59463e+09 -4.59463e+09 -9.86265e+10 , 3.67126e+14 3.66947e+15 3.68819e+13 , 
-5.06584e+09 -5.06584e+09 -1.08741e+11 , 4.04777e+14 4.0458e+15 4.06644e+13 , 
-5.58538e+09 -5.58538e+09 -1.19893e+11 , 4.4629e+14 4.46073e+15 4.48348e+13 , 
-6.1582e+09 -6.1582e+09 -1.32189e+11 , 4.9206e+14 4.91821e+15 4.94329e+13 , 
-6.78977e+09 -6.78977e+09 -1.45746e+11 , 5.42524e+14 5.4226e+15 5.45026e+13 , 
-7.4861e+09 -7.4861e+09 -1.60694e+11 , 5.98164e+14 5.97873e+15 6.00922e+13 , 
-8.25386e+09 -8.25386e+09 -1.77174e+11 , 6.5951e+14 6.59189e+15 6.6255e+13 , 
-9.10035e+09 -9.10035e+09 -1.95344e+11 , 7.27147e+14 7.26793e+15 7.30499e+13 , 
-1.00336e+10 -1.00336e+10 -2.15378e+11 , 8.01721e+14 8.01331e+15 8.05417e+13 , 
-1.10627e+10 -1.10627e+10 -2.37467e+11 , 8.83943e+14 8.83513e+15 8.88018e+13 , 
-1.21972e+10 -1.21972e+10 -2.6182e+11 , 9.74597e+14 9.74123e+15 9.79091e+13 , 
-1.34481e+10 -1.34481e+10 -2.88672e+11 , 1.07455e+15 1.07403e+16 1.0795e+14 , 
-1.48273e+10 -1.48273e+10 -3.18277e+11 , 1.18475e+15 1.18417e+16 1.19021e+14 , 
-1.6348e+10 -1.6348e+10 -3.50919e+11 , 1.30626e+15 1.30562e+16 1.31228e+14 , 
-1.80246e+10 -1.80246e+10 -3.86908e+11 , 1.44022e+15 1.43952e+16 1.44686e+14 , 
-1.98731e+10 -1.98731e+10 -4.26588e+11 , 1.58793e+15 1.58715e+16 1.59525e+14 , 
-2.19112e+10 -2.19112e+10 -4.70337e+11 , 1.75078e+15 1.74993e+16 1.75885e+14 , 
-2.41584e+10 -2.41584e+10 -5.18574e+11 , 1.93033e+15 1.92939e+16 1.93923e+14 , 
-2.6636e+10 -2.6636e+10 -5.71757e+11 , 2.1283e+15 2.12727e+16 2.13811e+14 , 
-2.93677e+10 -2.93677e+10 -6.30395e+11 , 2.34657e+15 2.34543e+16 2.35739e+14 , 
-3.23796e+10 -3.23796e+10 -6.95046e+11 , 2.58723e+15 2.58597e+16 2.59916e+14 , 
-3.57003e+10 -3.57003e+10 -7.66328e+11 , 2.85257e+15 2.85118e+16 2.86572e+14 , 
-3.93616e+10 -3.93616e+10 -8.4492e+11 , 3.14512e+15 3.14359e+16 3.15962e+14 , 
-4.33984e+10 -4.33984e+10 -9.31572e+11 , 3.46767e+15 3.46599e+16 3.48366e+14 , 
-4.78492e+10 -4.78492e+10 -1.02711e+12 , 3.82331e+15 3.82145e+16 3.84093e+14 , 
-5.27565e+10 -5.27565e+10 -1.13245e+12 , 4.21541e+15 4.21336e+16 4.23485e+14 , 
-5.8167e+10 -5.8167e+10 -1.24859e+12 , 4.64773e+15 4.64547e+16 4.66916e+14 , 
-6.41325e+10 -6.41325e+10 -1.37664e+12 , 5.12439e+15 5.1219e+16 5.14802e+14 , 
-7.07097e+10 -7.07097e+10 -1.51782e+12 , 5.64993e+15 5.64718e+16 5.67598e+14 , 
-7.79614e+10 -7.79614e+10 -1.67349e+12 , 6.22937e+15 6.22634e+16 6.25809e+14 , 
-8.59569e+10 -8.59569e+10 -1.84512e+12 , 6.86824e+15 6.86489e+16 6.8999e+14 , 
-9.47724e+10 -9.47724e+10 -2.03434e+12 , 7.57262e+15 7.56894e+16 7.60753e+14 , 
-1.04492e+11 -1.04492e+11 -2.24298e+12 , 8.34925e+15 8.34518e+16 8.38774e+14 , 
-1.15208e+11 -1.15208e+11 -2.47301e+12 , 9.20552e+15 9.20104e+16 9.24796e+14 , 
-1.27024e+11 -1.27024e+11 -2.72664e+12 , 1.01496e+16 1.01447e+17 1.01964e+15 , 
-1.40051e+11 -1.40051e+11 -3.00627e+12 , 1.11905e+16 1.11851e+17 1.12421e+15 , 
-1.54414e+11 -1.54414e+11 -3.31459e+12 , 1.23382e+16 1.23322e+17 1.23951e+15 , 
-1.7025e+11 -1.7025e+11 -3.65452e+12 , 1.36036e+16 1.35969e+17 1.36663e+15 , 
-1.87711e+11 -1.87711e+11 -4.02932e+12 , 1.49987e+16 1.49914e+17 1.50678e+15 , 
-2.06962e+11 -2.06962e+11 -4.44255e+12 , 1.65369e+16 1.65289e+17 1.66131e+15 , 
-2.28187e+11 -2.28187e+11 -4.89817e+12 , 1.82329e+16 1.8224e+17 1.83169e+15 , 
-2.51589e+11 -2.51589e+11 -5.40051e+12 , 2.01028e+16 2.0093e+17 2.01955e+15 , 
-2.77391e+11 -2.77391e+11 -5.95437e+12 , 2.21645e+16 2.21537e+17 2.22667e+15 , 
-3.0584e+11 -3.0584e+11 -6.56503e+12 , 2.44376e+16 2.44257e+17 2.45502e+15 , 
-3.37206e+11 -3.37206e+11 -7.23831e+12 , 2.69438e+16 2.69307e+17 2.7068e+15 , 
-3.71788e+11 -3.71788e+11 -7.98065e+12 , 2.97071e+16 2.96926e+17 2.98441e+15 , 
-4.09918e+11 -4.09918e+11 -8.79912e+12 , 3.27538e+16 3.27378e+17 3.29048e+15 , 
-4.51958e+11 -4.51958e+11 -9.70154e+12 , 3.61129e+16 3.60953e+17 3.62794e+15 , 
-4.98309e+11 -4.98309e+11 -1.06965e+13 , 3.98165e+16 3.97971e+17 4.00001e+15 , 
-5.49414e+11 -5.49414e+11 -1.17935e+13 , 4.39e+16 4.38786e+17 4.41024e+15 , 
-6.0576e+11 -6.0576e+11 -1.3003e+13 , 4.84022e+16 4.83787e+17 4.86254e+15 , 
-6.67885e+11 -6.67885e+11 -1.43365e+13 , 5.33662e+16 5.33402e+17 5.36122e+15 , 
-7.36382e+11 -7.36382e+11 -1.58069e+13 , 5.88393e+16 5.88106e+17 5.91105e+15 , 
-8.11903e+11 -8.11903e+11 -1.7428e+13 , 6.48736e+16 6.48421e+17 6.51727e+15 , 
-8.95169e+11 -8.95169e+11 -1.92153e+13 , 7.15269e+16 7.14921e+17 7.18566e+15 , 
-9.86974e+11 -9.86974e+11 -2.1186e+13 , 7.88625e+16 7.88241e+17 7.9226e+15 , 
-1.0882e+12 -1.0882e+12 -2.33587e+13 , 8.69503e+16 8.6908e+17 8.73512e+15 , 
-1.1998e+12 -1.1998e+12 -2.57543e+13 , 9.58677e+16 9.5821e+17 9.63097e+15 , 
-1.32284e+12 -1.32284e+12 -2.83956e+13 , 1.057e+17 1.05648e+18 1.06187e+16 , 
-1.45851e+12 -1.45851e+12 -3.13078e+13 , 1.1654e+17 1.16483e+18 1.17077e+16 , 
-1.60809e+12 -1.60809e+12 -3.45186e+13 , 1.28492e+17 1.28429e+18 1.29084e+16 , 
-1.77301e+12 -1.77301e+12 -3.80587e+13 , 1.41669e+17 1.41601e+18 1.42323e+16 , 
-1.95485e+12 -1.95485e+12 -4.19619e+13 , 1.56199e+17 1.56123e+18 1.56919e+16 , 
-2.15533e+12 -2.15533e+12 -4.62654e+13 , 1.72218e+17 1.72134e+18 1.73012e+16 , 
-2.37637e+12 -2.37637e+12 -5.10103e+13 , 1.8988e+17 1.89788e+18 1.90755e+16 , 
-2.62009e+12 -2.62009e+12 -5.62417e+13 , 2.09354e+17 2.09252e+18 2.10319e+16 , 
-2.8888e+12 -2.8888e+12 -6.20097e+13 , 2.30824e+17 2.30712e+18 2.31888e+16 , 
-3.18506e+12 -3.18506e+12 -6.83692e+13 , 2.54497e+17 2.54373e+18 2.5567e+16 , 
-3.51171e+12 -3.51171e+12 -7.53809e+13 , 2.80597e+17 2.80461e+18 2.81891e+16 , 
-3.87186e+12 -3.87186e+12 -8.31118e+13 , 3.09374e+17 3.09224e+18 3.10801e+16 , 
-4.26895e+12 -4.26895e+12 -9.16354e+13 , 3.41103e+17 3.40937e+18 3.42675e+16 , 
-4.70676e+12 -4.70676e+12 -1.01033e+14 , 3.76085e+17 3.75902e+18 3.77819e+16 , 
-5.18947e+12 -5.18947e+12 -1.11395e+14 , 4.14655e+17 4.14454e+18 4.16567e+16 , 
-5.72168e+12 -5.72168e+12 -1.22819e+14 , 4.57181e+17 4.56959e+18 4.59289e+16 , 
-6.30848e+12 -6.30848e+12 -1.35415e+14 , 5.04068e+17 5.03823e+18 5.06392e+16 , 
-6.95546e+12 -6.95546e+12 -1.49303e+14 , 5.55764e+17 5.55493e+18 5.58326e+16 , 
-7.66879e+12 -7.66879e+12 -1.64615e+14 , 6.12761e+17 6.12463e+18 6.15586e+16 , 
-8.45528e+12 -8.45528e+12 -1.81497e+14 , 6.75604e+17 6.75275e+18 6.78719e+16 , 
-9.32243e+12 -9.32243e+12 -2.00111e+14 , 7.44892e+17 7.44529e+18 7.48326e+16 , 
-1.02785e+13 -1.02785e+13 -2.20634e+14 , 8.21286e+17 8.20886e+18 8.25072e+16 , 
-1.13326e+13 -1.13326e+13 -2.43262e+14 , 9.05514e+17 9.05074e+18 9.09689e+16 , 
-1.24949e+13 -1.24949e+13 -2.6821e+14 , 9.98381e+17 9.97895e+18 1.00298e+17 , 
-1.37763e+13 -1.37763e+13 -2.95716e+14 , 1.10077e+18 1.10024e+19 1.10585e+17 , 
-1.51892e+13 -1.51892e+13 -3.26044e+14 , 1.21366e+18 1.21307e+19 1.21926e+17 , 
-1.67469e+13 -1.67469e+13 -3.59482e+14 , 1.33813e+18 1.33748e+19 1.3443e+17 , 
-1.84644e+13 -1.84644e+13 -3.9635e+14 , 1.47537e+18 1.47465e+19 1.48217e+17 , 
-2.03581e+13 -2.03581e+13 -4.36998e+14 , 1.62668e+18 1.62589e+19 1.63418e+17 , 
-2.24459e+13 -2.24459e+13 -4.81815e+14 , 1.7935e+18 1.79263e+19 1.80177e+17 , 
-2.47479e+13 -2.47479e+13 -5.31229e+14 , 1.97744e+18 1.97648e+19 1.98656e+17 , 
-2.7286e+13 -2.7286e+13 -5.8571e+14 , 2.18024e+18 2.17918e+19 2.19029e+17 , 
-3.00844e+13 -3.00844e+13 -6.45778e+14 , 2.40384e+18 2.40267e+19 2.41492e+17 , 
-3.31697e+13 -3.31697e+13 -7.12007e+14 , 2.65037e+18 2.64908e+19 2.66259e+17 , 
-3.65715e+13 -3.65715e+13 -7.85029e+14 , 2.92218e+18 2.92076e+19 2.93565e+17 , 
-4.03222e+13 -4.03222e+13 -8.65539e+14 , 3.22187e+18 3.2203e+19 3.23673e+17 , 
-4.44575e+13 -4.44575e+13 -9.54306e+14 , 3.5523e+18 3.55057e+19 3.56867e+17 , 
-4.90169e+13 -4.90169e+13 -1.05218e+15 , 3.91661e+18 3.9147e+19 3.93467e+17 , 
-5.40439e+13 -5.40439e+13 -1.16008e+15 , 4.31829e+18 4.31618e+19 4.33819e+17 , 
-5.95865e+13 -5.95865e+13 -1.27906e+15 , 4.76116e+18 4.75884e+19 4.78311e+17 , 
-6.56975e+13 -6.56975e+13 -1.41024e+15 , 5.24944e+18 5.24689e+19 5.27365e+17 , 
-7.24352e+13 -7.24352e+13 -1.55486e+15 , 5.78781e+18 5.78499e+19 5.81449e+17 , 
-7.9864e+13 -7.9864e+13 -1.71433e+15 , 6.38139e+18 6.37829e+19 6.41081e+17 , 
-8.80546e+13 -8.80546e+13 -1.89014e+15 , 7.03585e+18 7.03242e+19 7.06828e+17 , 
-9.70852e+13 -9.70852e+13 -2.08399e+15 , 7.75742e+18 7.75365e+19 7.79318e+17 , 
-1.07042e+14 -1.07042e+14 -2.29772e+15 , 8.553e+18 8.54883e+19 8.59243e+17 , 
-1.1802e+14 -1.1802e+14 -2.53336e+15 , 9.43017e+18 9.42558e+19 9.47364e+17 , 
-1.30124e+14 -1.30124e+14 -2.79318e+15 , 1.03973e+19 1.03922e+20 1.04452e+18 , 
-1.43469e+14 -1.43469e+14 -3.07964e+15 , 1.14636e+19 1.1458e+20 1.15165e+18 , 
-1.58182e+14 -1.58182e+14 -3.39547e+15 , 1.26393e+19 1.26331e+20 1.26976e+18 , 
-1.74405e+14 -1.74405e+14 -3.7437e+15 , 1.39355e+19 1.39287e+20 1.39998e+18 , 
-1.92291e+14 -1.92291e+14 -4.12765e+15 , 1.53647e+19 1.53572e+20 1.54355e+18 , 
-2.12012e+14 -2.12012e+14 -4.55097e+15 , 1.69405e+19 1.69322e+20 1.70186e+18 , 
-2.33756e+14 -2.33756e+14 -5.0177e+15 , 1.86778e+19 1.86687e+20 1.87639e+18 , 
-2.57729e+14 -2.57729e+14 -5.5323e+15 , 2.05934e+19 2.05833e+20 2.06883e+18 , 
-2.84161e+14 -2.84161e+14 -6.09967e+15 , 2.27054e+19 2.26943e+20 2.281e+18 , 
-3.13303e+14 -3.13303e+14 -6.72524e+15 , 2.50339e+19 2.50218e+20 2.51494e+18 , 
-3.45435e+14 -3.45435e+14 -7.41496e+15 , 2.76014e+19 2.75879e+20 2.77286e+18 , 
-3.80861e+14 -3.80861e+14 -8.17541e+15 , 3.04321e+19 3.04172e+20 3.05724e+18 , 
-4.19921e+14 -4.19921e+14 -9.01385e+15 , 3.35531e+19 3.35367e+20 3.37078e+18 , 
-4.62987e+14 -4.62987e+14 -9.93829e+15 , 3.69942e+19 3.69762e+20 3.71647e+18 , 
-5.1047e+14 -5.1047e+14 -1.09575e+16 , 4.07882e+19 4.07683e+20 4.09762e+18 , 
-5.62822e+14 -5.62822e+14 -1.20813e+16 , 4.49713e+19 4.49494e+20 4.51786e+18 , 
-6.20543e+14 -6.20543e+14 -1.33203e+16 , 4.95834e+19 4.95593e+20 4.9812e+18 , 
-6.84184e+14 -6.84184e+14 -1.46864e+16 , 5.46685e+19 5.46419e+20 5.49206e+18 , 
-7.54352e+14 -7.54352e+14 -1.61926e+16 , 6.02752e+19 6.02458e+20 6.0553e+18 , 
-8.31716e+14 -8.31716e+14 -1.78533e+16 , 6.64568e+19 6.64244e+20 6.67632e+18 , 
-9.17014e+14 -9.17014e+14 -1.96842e+16 , 7.32724e+19 7.32367e+20 7.36102e+18 , 
-1.01106e+15 -1.01106e+15 -2.1703e+16 , 8.0787e+19 8.07477e+20 8.11594e+18 , 
-1.11475e+15 -1.11475e+15 -2.39288e+16 , 8.90722e+19 8.90289e+20 8.94829e+18 , 
-1.22908e+15 -1.22908e+15 -2.63828e+16 , 9.82072e+19 9.81594e+20 9.866e+18 , 
-1.35513e+15 -1.35513e+15 -2.90886e+16 , 1.08279e+20 1.08226e+21 1.08778e+19 , 
-1.4941e+15 -1.4941e+15 -3.20718e+16 , 1.19384e+20 1.19326e+21 1.19934e+19 , 
-1.64734e+15 -1.64734e+15 -3.5361e+16 , 1.31627e+20 1.31563e+21 1.32234e+19 , 
-1.81628e+15 -1.81628e+15 -3.89875e+16 , 1.45127e+20 1.45056e+21 1.45796e+19 , 
-2.00255e+15 -2.00255e+15 -4.2986e+16 , 1.6001e+20 1.59933e+21 1.60748e+19 , 
-2.20793e+15 -2.20793e+15 -4.73945e+16 , 1.76421e+20 1.76335e+21 1.77234e+19 , 
-2.43437e+15 -2.43437e+15 -5.22551e+16 , 1.94514e+20 1.94419e+21 1.95411e+19 , 
-2.68403e+15 -2.68403e+15 -5.76142e+16 , 2.14462e+20 2.14358e+21 2.15451e+19 , 
-2.95929e+15 -2.95929e+15 -6.35229e+16 , 2.36457e+20 2.36342e+21 2.37547e+19 , 
-3.26279e+15 -3.26279e+15 -7.00376e+16 , 2.60707e+20 2.60581e+21 2.61909e+19 , 
-3.59741e+15 -3.59741e+15 -7.72205e+16 , 2.87445e+20 2.87305e+21 2.8877e+19 , 
-3.96635e+15 -3.96635e+15 -8.514e+16 , 3.16924e+20 3.1677e+21 3.18385e+19 , 
-4.37313e+15 -4.37313e+15 -9.38717e+16 , 3.49427e+20 3.49257e+21 3.51038e+19 , 
-4.82162e+15 -4.82162e+15 -1.03499e+17 , 3.85263e+20 3.85076e+21 3.87039e+19 , 
-5.31611e+15 -5.31611e+15 -1.14113e+17 , 4.24774e+20 4.24568e+21 4.26733e+19 , 
-5.86131e+15 -5.86131e+15 -1.25816e+17 , 4.68338e+20 4.6811e+21 4.70497e+19 , 
-6.46243e+15 -6.46243e+15 -1.3872e+17 , 5.16369e+20 5.16118e+21 5.1875e+19 , 
-7.1252e+15 -7.1252e+15 -1.52947e+17 , 5.69326e+20 5.69049e+21 5.71951e+19 , 
-7.85594e+15 -7.85594e+15 -1.68632e+17 , 6.27715e+20 6.27409e+21 6.30609e+19 , 
-8.66162e+15 -8.66162e+15 -1.85927e+17 , 6.92091e+20 6.91754e+21 6.95282e+19 , 
-9.54993e+15 -9.54993e+15 -2.04995e+17 , 7.6307e+20 7.62699e+21 7.66588e+19 , 
-1.05293e+16 -1.05293e+16 -2.26018e+17 , 8.41328e+20 8.40919e+21 8.45207e+19 , 
-1.16092e+16 -1.16092e+16 -2.49198e+17 , 9.27612e+20 9.27161e+21 9.31889e+19 , 
-1.27998e+16 -1.27998e+16 -2.74755e+17 , 1.02275e+21 1.02225e+22 1.02746e+20 , 
-1.41125e+16 -1.41125e+16 -3.02933e+17 , 1.12763e+21 1.12709e+22 1.13283e+20 , 
-1.55598e+16 -1.55598e+16 -3.34001e+17 , 1.24328e+21 1.24268e+22 1.24901e+20 , 
-1.71556e+16 -1.71556e+16 -3.68255e+17 , 1.37079e+21 1.37012e+22 1.37711e+20 , 
-1.8915e+16 -1.8915e+16 -4.06022e+17 , 1.51137e+21 1.51064e+22 1.51834e+20 , 
-2.08549e+16 -2.08549e+16 -4.47662e+17 , 1.66637e+21 1.66556e+22 1.67406e+20 , 
-2.29937e+16 -2.29937e+16 -4.93573e+17 , 1.83727e+21 1.83638e+22 1.84574e+20 , 
-2.53519e+16 -2.53519e+16 -5.44193e+17 , 2.0257e+21 2.02471e+22 2.03504e+20 , 
-2.79519e+16 -2.79519e+16 -6.00003e+17 , 2.23345e+21 2.23236e+22 2.24374e+20 , 
-3.08185e+16 -3.08185e+16 -6.61538e+17 , 2.4625e+21 2.4613e+22 2.47385e+20 , 
-3.39792e+16 -3.39792e+16 -7.29383e+17 , 2.71505e+21 2.71373e+22 2.72756e+20 , 
-3.7464e+16 -3.7464e+16 -8.04186e+17 , 2.99349e+21 2.99204e+22 3.00729e+20 , 
-4.13062e+16 -4.13062e+16 -8.86661e+17 , 3.3005e+21 3.29889e+22 3.31571e+20 , 
-4.55424e+16 -4.55424e+16 -9.77594e+17 , 3.63899e+21 3.63722e+22 3.65576e+20 , 
-5.02131e+16 -5.02131e+16 -1.07785e+18 , 4.01219e+21 4.01024e+22 4.03069e+20 , 
-5.53628e+16 -5.53628e+16 -1.18839e+18 , 4.42367e+21 4.42151e+22 4.44406e+20 , 
-6.10406e+16 -6.10406e+16 -1.31027e+18 , 4.87734e+21 4.87497e+22 4.89983e+20 , 
-6.73008e+16 -6.73008e+16 -1.44465e+18 , 5.37755e+21 5.37493e+22 5.40234e+20 , 
-7.42029e+16 -7.42029e+16 -1.59281e+18 , 5.92905e+21 5.92617e+22 5.95639e+20 , 
-8.18129e+16 -8.18129e+16 -1.75616e+18 , 6.53712e+21 6.53394e+22 6.56726e+20 , 
-9.02034e+16 -9.02034e+16 -1.93627e+18 , 7.20755e+21 7.20404e+22 7.24077e+20 , 
-9.94544e+16 -9.94544e+16 -2.13485e+18 , 7.94673e+21 7.94286e+22 7.98337e+20 , 
-1.09654e+17 -1.09654e+17 -2.35379e+18 , 8.76172e+21 8.75746e+22 8.80211e+20 , 
-1.209e+17 -1.209e+17 -2.59519e+18 , 9.6603e+21 9.65559e+22 9.70483e+20 , 
-1.33299e+17 -1.33299e+17 -2.86134e+18 , 1.0651e+22 1.06458e+23 1.07001e+21 , 
-1.4697e+17 -1.4697e+17 -3.15479e+18 , 1.17434e+22 1.17376e+23 1.17975e+21 , 
-1.62043e+17 -1.62043e+17 -3.47834e+18 , 1.29477e+22 1.29414e+23 1.30074e+21 , 
-1.78661e+17 -1.78661e+17 -3.83506e+18 , 1.42756e+22 1.42687e+23 1.43414e+21 , 
-1.96984e+17 -1.96984e+17 -4.22838e+18 , 1.57397e+22 1.5732e+23 1.58122e+21 , 
-2.17186e+17 -2.17186e+17 -4.66202e+18 , 1.73539e+22 1.73454e+23 1.74339e+21 , 
-2.3946e+17 -2.3946e+17 -5.14015e+18 , 1.91336e+22 1.91243e+23 1.92218e+21 , 
-2.64018e+17 -2.64018e+17 -5.6673e+18 , 2.10959e+22 2.10857e+23 2.11932e+21 , 
-2.91095e+17 -2.91095e+17 -6.24853e+18 , 2.32594e+22 2.32481e+23 2.33667e+21 , 
-3.20949e+17 -3.20949e+17 -6.88936e+18 , 2.56449e+22 2.56324e+23 2.57631e+21 , 
-3.53865e+17 -3.53865e+17 -7.59591e+18 , 2.82749e+22 2.82612e+23 2.84053e+21 , 
-3.90156e+17 -3.90156e+17 -8.37492e+18 , 3.11747e+22 3.11595e+23 3.13184e+21 , 
-4.30169e+17 -4.30169e+17 -9.23382e+18 , 3.43719e+22 3.43552e+23 3.45304e+21 , 
-4.74286e+17 -4.74286e+17 -1.01808e+19 , 3.7897e+22 3.78785e+23 3.80717e+21 , 
-5.22927e+17 -5.22927e+17 -1.12249e+19 , 4.17836e+22 4.17632e+23 4.19762e+21 , 
-5.76557e+17 -5.76557e+17 -1.23761e+19 , 4.60687e+22 4.60463e+23 4.62811e+21 , 
-6.35687e+17 -6.35687e+17 -1.36454e+19 , 5.07934e+22 5.07687e+23 5.10276e+21 , 
-7.00881e+17 -7.00881e+17 -1.50448e+19 , 5.60026e+22 5.59754e+23 5.62608e+21 , 
-7.72761e+17 -7.72761e+17 -1.65878e+19 , 6.17461e+22 6.1716e+23 6.20308e+21 , 
-8.52013e+17 -8.52013e+17 -1.82889e+19 , 6.80786e+22 6.80454e+23 6.83924e+21 , 
-9.39392e+17 -9.39392e+17 -2.01646e+19 , 7.50605e+22 7.5024e+23 7.54065e+21 , 
-1.03573e+18 -1.03573e+18 -2.22326e+19 , 8.27585e+22 8.27182e+23 8.314e+21 , 
-1.14196e+18 -1.14196e+18 -2.45127e+19 , 9.12459e+22 9.12015e+23 9.16666e+21 , 
-1.25907e+18 -1.25907e+18 -2.70267e+19 , 1.00604e+23 1.00555e+24 1.01068e+22 , 
-1.3882e+18 -1.3882e+18 -2.97984e+19 , 1.10921e+23 1.10867e+24 1.11433e+22 , 
-1.53057e+18 -1.53057e+18 -3.28545e+19 , 1.22297e+23 1.22238e+24 1.22861e+22 , 
-1.68754e+18 -1.68754e+18 -3.62239e+19 , 1.3484e+23 1.34774e+24 1.35461e+22 , 
-1.8606e+18 -1.8606e+18 -3.99389e+19 , 1.48668e+23 1.48596e+24 1.49354e+22 , 
-2.05142e+18 -2.05142e+18 -4.4035e+19 , 1.63915e+23 1.63836e+24 1.64671e+22 , 
-2.26181e+18 -2.26181e+18 -4.8551e+19 , 1.80726e+23 1.80638e+24 1.81559e+22 , 
-2.49377e+18 -2.49377e+18 -5.35303e+19 , 1.99261e+23 1.99164e+24 2.00179e+22 , 
-2.74953e+18 -2.74953e+18 -5.90202e+19 , 2.19696e+23 2.19589e+24 2.20709e+22 , 
-3.03151e+18 -3.03151e+18 -6.50731e+19 , 2.42227e+23 2.4211e+24 2.43344e+22 , 
-3.34241e+18 -3.34241e+18 -7.17468e+19 , 2.6707e+23 2.6694e+24 2.68301e+22 , 
-3.6852e+18 -3.6852e+18 -7.91049e+19 , 2.94459e+23 2.94316e+24 2.95817e+22 , 
-4.06314e+18 -4.06314e+18 -8.72177e+19 , 3.24658e+23 3.245e+24 3.26155e+22 , 
-4.47985e+18 -4.47985e+18 -9.61625e+19 , 3.57954e+23 3.5778e+24 3.59604e+22 , 
-4.93928e+18 -4.93928e+18 -1.06025e+20 , 3.94665e+23 3.94473e+24 3.96484e+22 , 
-5.44584e+18 -5.44584e+18 -1.16898e+20 , 4.3514e+23 4.34929e+24 4.37147e+22 , 
-6.00435e+18 -6.00435e+18 -1.28887e+20 , 4.79767e+23 4.79534e+24 4.81979e+22 , 
-6.62014e+18 -6.62014e+18 -1.42105e+20 , 5.2897e+23 5.28713e+24 5.31409e+22 , 
-7.29908e+18 -7.29908e+18 -1.56679e+20 , 5.8322e+23 5.82936e+24 5.85909e+22 , 
-8.04765e+18 -8.04765e+18 -1.72747e+20 , 6.43033e+23 6.4272e+24 6.45998e+22 , 
-8.87299e+18 -8.87299e+18 -1.90464e+20 , 7.08981e+23 7.08636e+24 7.12249e+22 , 
-9.78298e+18 -9.78298e+18 -2.09997e+20 , 7.81692e+23 7.81311e+24 7.85295e+22 , 
-1.07863e+19 -1.07863e+19 -2.31534e+20 , 8.61859e+23 8.6144e+24 8.65833e+22 , 
-1.18925e+19 -1.18925e+19 -2.55279e+20 , 9.50249e+23 9.49787e+24 9.5463e+22 , 
-1.31122e+19 -1.31122e+19 -2.8146e+20 , 1.0477e+24 1.04719e+25 1.05253e+23 , 
-1.44569e+19 -1.44569e+19 -3.10326e+20 , 1.15515e+24 1.15459e+25 1.16048e+23 , 
-1.59396e+19 -1.59396e+19 -3.42152e+20 , 1.27362e+24 1.273e+25 1.27949e+23 , 
-1.75743e+19 -1.75743e+19 -3.77242e+20 , 1.40424e+24 1.40356e+25 1.41071e+23 , 
-1.93766e+19 -1.93766e+19 -4.1593e+20 , 1.54825e+24 1.5475e+25 1.55539e+23 , 
-2.13638e+19 -2.13638e+19 -4.58587e+20 , 1.70704e+24 1.70621e+25 1.71491e+23 , 
-2.35548e+19 -2.35548e+19 -5.05618e+20 , 1.88211e+24 1.88119e+25 1.89078e+23 , 
-2.59705e+19 -2.59705e+19 -5.57473e+20 , 2.07513e+24 2.07412e+25 2.0847e+23 , 
-2.8634e+19 -2.8634e+19 -6.14645e+20 , 2.28795e+24 2.28684e+25 2.2985e+23 , 
-3.15706e+19 -3.15706e+19 -6.77681e+20 , 2.52259e+24 2.52137e+25 2.53422e+23 , 
-3.48084e+19 -3.48084e+19 -7.47182e+20 , 2.7813e+24 2.77995e+25 2.79413e+23 , 
-3.83782e+19 -3.83782e+19 -8.23811e+20 , 3.06655e+24 3.06505e+25 3.08068e+23 , 
-4.23142e+19 -4.23142e+19 -9.08299e+20 , 3.38104e+24 3.3794e+25 3.39663e+23 , 
-4.66538e+19 -4.66538e+19 -1.00145e+21 , 3.72779e+24 3.72598e+25 3.74498e+23 , 
-5.14385e+19 -5.14385e+19 -1.10416e+21 , 4.1101e+24 4.1081e+25 4.12905e+23 , 
-5.67138e+19 -5.67138e+19 -1.2174e+21 , 4.53162e+24 4.52941e+25 4.55251e+23 , 
-6.25302e+19 -6.25302e+19 -1.34225e+21 , 4.99637e+24 4.99394e+25 5.0194e+23 , 
-6.89431e+19 -6.89431e+19 -1.4799e+21 , 5.50878e+24 5.5061e+25 5.53418e+23 , 
-7.60137e+19 -7.60137e+19 -1.63168e+21 , 6.07374e+24 6.07079e+25 6.10175e+23 , 
-8.38095e+19 -8.38095e+19 -1.79902e+21 , 6.69665e+24 6.69339e+25 6.72752e+23 , 
-9.24047e+19 -9.24047e+19 -1.98352e+21 , 7.38343e+24 7.37984e+25 7.41747e+23 , 
-1.01881e+20 -1.01881e+20 -2.18694e+21 , 8.14066e+24 8.1367e+25 8.17819e+23 , 
-1.1233e+20 -1.1233e+20 -2.41123e+21 , 8.97554e+24 8.97117e+25 9.01692e+23 , 
-1.2385e+20 -1.2385e+20 -2.65852e+21 , 9.89604e+24 9.89122e+25 9.94166e+23 , 
-1.36552e+20 -1.36552e+20 -2.93117e+21 , 1.09109e+25 1.09056e+26 1.09613e+24 , 
-1.50556e+20 -1.50556e+20 -3.23178e+21 , 1.20299e+25 1.20241e+26 1.20854e+24 , 
-1.65997e+20 -1.65997e+20 -3.56322e+21 , 1.32637e+25 1.32572e+26 1.33248e+24 , 
-1.83021e+20 -1.83021e+20 -3.92865e+21 , 1.4624e+25 1.46169e+26 1.46914e+24 , 
-2.01791e+20 -2.01791e+20 -4.33156e+21 , 1.61238e+25 1.61159e+26 1.61981e+24 , 
-2.22486e+20 -2.22486e+20 -4.77579e+21 , 1.77774e+25 1.77687e+26 1.78593e+24 , 
-2.45304e+20 -2.45304e+20 -5.26559e+21 , 1.96006e+25 1.9591e+26 1.96909e+24 , 
-2.70461e+20 -2.70461e+20 -5.80561e+21 , 2.16107e+25 2.16002e+26 2.17104e+24 , 
-2.98199e+20 -2.98199e+20 -6.40101e+21 , 2.38271e+25 2.38155e+26 2.39369e+24 , 
-3.28781e+20 -3.28781e+20 -7.05748e+21 , 2.62707e+25 2.62579e+26 2.63918e+24 , 
-3.625e+20 -3.625e+20 -7.78127e+21 , 2.89649e+25 2.89508e+26 2.90985e+24 , 
-3.99677e+20 -3.99677e+20 -8.5793e+21 , 3.19355e+25 3.19199e+26 3.20827e+24 , 
-4.40667e+20 -4.40667e+20 -9.45916e+21 , 3.52107e+25 3.51935e+26 3.5373e+24 , 
-4.8586e+20 -4.8586e+20 -1.04293e+22 , 3.88218e+25 3.88029e+26 3.90008e+24 , 
-5.35688e+20 -5.35688e+20 -1.14989e+22 , 4.28032e+25 4.27824e+26 4.30006e+24 , 
-5.90627e+20 -5.90627e+20 -1.26781e+22 , 4.7193e+25 4.717e+26 4.74106e+24 , 
-6.512e+20 -6.512e+20 -1.39784e+22 , 5.2033e+25 5.20076e+26 5.22728e+24 , 
-7.17985e+20 -7.17985e+20 -1.5412e+22 , 5.73693e+25 5.73414e+26 5.76338e+24 , 
-7.91619e+20 -7.91619e+20 -1.69926e+22 , 6.32529e+25 6.32221e+26 6.35445e+24 , 
-8.72805e+20 -8.72805e+20 -1.87353e+22 , 6.97399e+25 6.9706e+26 7.00614e+24 , 
-9.62317e+20 -9.62317e+20 -2.06567e+22 , 7.68922e+25 7.68548e+26 7.72467e+24 , 
-1.06101e+21 -1.06101e+21 -2.27752e+22 , 8.47781e+25 8.47368e+26 8.51689e+24 , 
-1.16982e+21 -1.16982e+21 -2.51109e+22 , 9.34726e+25 9.34271e+26 9.39036e+24 , 
-1.2898e+21 -1.2898e+21 -2.76862e+22 , 1.03059e+26 1.03009e+27 1.03534e+25 , 
-1.42207e+21 -1.42207e+21 -3.05256e+22 , 1.13628e+26 1.13573e+27 1.14152e+25 , 
-1.56792e+21 -1.56792e+21 -3.36562e+22 , 1.25282e+26 1.25221e+27 1.25859e+25 , 
-1.72872e+21 -1.72872e+21 -3.71079e+22 , 1.3813e+26 1.38063e+27 1.38767e+25 , 
-1.90601e+21 -1.90601e+21 -4.09136e+22 , 1.52296e+26 1.52222e+27 1.52998e+25 , 
-2.10148e+21 -2.10148e+21 -4.51096e+22 , 1.67915e+26 1.67834e+27 1.6869e+25 , 
-2.31701e+21 -2.31701e+21 -4.97359e+22 , 1.85136e+26 1.85046e+27 1.8599e+25 , 
-2.55463e+21 -2.55463e+21 -5.48366e+22 , 2.04123e+26 2.04024e+27 2.05064e+25 , 
-2.81663e+21 -2.81663e+21 -6.04605e+22 , 2.25057e+26 2.24948e+27 2.26095e+25 , 
-3.10549e+21 -3.10549e+21 -6.66611e+22 , 2.48139e+26 2.48018e+27 2.49283e+25 , 
-3.42398e+21 -3.42398e+21 -7.34977e+22 , 2.73587e+26 2.73454e+27 2.74848e+25 , 
-3.77513e+21 -3.77513e+21 -8.10354e+22 , 3.01645e+26 3.01498e+27 3.03036e+25 , 
-4.1623e+21 -4.1623e+21 -8.93461e+22 , 3.32581e+26 3.32419e+27 3.34114e+25 , 
-4.58917e+21 -4.58917e+21 -9.85092e+22 , 3.6669e+26 3.66511e+27 3.6838e+25 , 
-5.05982e+21 -5.05982e+21 -1.08612e+23 , 4.04296e+26 4.04099e+27 4.0616e+25 , 
-5.57874e+21 -5.57874e+21 -1.19751e+23 , 4.45759e+26 4.45542e+27 4.47814e+25 , 
-6.15088e+21 -6.15088e+21 -1.32032e+23 , 4.91475e+26 4.91236e+27 4.93741e+25 , 
-6.78169e+21 -6.78169e+21 -1.45573e+23 , 5.41879e+26 5.41616e+27 5.44377e+25 , 
-7.4772e+21 -7.4772e+21 -1.60502e+23 , 5.97453e+26 5.97162e+27 6.00207e+25 , 
-8.24404e+21 -8.24404e+21 -1.76963e+23 , 6.58726e+26 6.58405e+27 6.61762e+25 , 
-9.08952e+21 -9.08952e+21 -1.95112e+23 , 7.26282e+26 7.25929e+27 7.29631e+25 , 
-1.00217e+22 -1.00217e+22 -2.15122e+23 , 8.00768e+26 8.00378e+27 8.04459e+25 , 
-1.10495e+22 -1.10495e+22 -2.37184e+23 , 8.82892e+26 8.82462e+27 8.86962e+25 , 
-1.21827e+22 -1.21827e+22 -2.61509e+23 , 9.73438e+26 9.72965e+27 9.77926e+25 , 
-1.34321e+22 -1.34321e+22 -2.88329e+23 , 1.07327e+27 1.07275e+28 1.07822e+26 , 
-1.48097e+22 -1.48097e+22 -3.17899e+23 , 1.18334e+27 1.18277e+28 1.1888e+26 , 
-1.63285e+22 -1.63285e+22 -3.50501e+23 , 1.3047e+27 1.30407e+28 1.31072e+26 , 
-1.80031e+22 -1.80031e+22 -3.86448e+23 , 1.43851e+27 1.43781e+28 1.44514e+26 , 
-1.98495e+22 -1.98495e+22 -4.26081e+23 , 1.58604e+27 1.58527e+28 1.59335e+26 , 
-2.18852e+22 -2.18852e+22 -4.69778e+23 , 1.7487e+27 1.74785e+28 1.75676e+26 , 
-2.41297e+22 -2.41297e+22 -5.17957e+23 , 1.92804e+27 1.9271e+28 1.93693e+26 , 
-2.66043e+22 -2.66043e+22 -5.71077e+23 , 2.12577e+27 2.12474e+28 2.13557e+26 , 
-2.93328e+22 -2.93328e+22 -6.29645e+23 , 2.34378e+27 2.34264e+28 2.35459e+26 , 
-3.23411e+22 -3.23411e+22 -6.94219e+23 , 2.58415e+27 2.5829e+28 2.59607e+26 , 
-3.56578e+22 -3.56578e+22 -7.65416e+23 , 2.84918e+27 2.84779e+28 2.86231e+26 , 
-3.93148e+22 -3.93148e+22 -8.43915e+23 , 3.14138e+27 3.13985e+28 3.15586e+26 , 
-4.33468e+22 -4.33468e+22 -9.30464e+23 , 3.46355e+27 3.46186e+28 3.47952e+26 , 
-4.77923e+22 -4.77923e+22 -1.02589e+24 , 3.81876e+27 3.8169e+28 3.83637e+26 , 
-5.26938e+22 -5.26938e+22 -1.1311e+24 , 4.2104e+27 4.20835e+28 4.22981e+26 , 
-5.80979e+22 -5.80979e+22 -1.2471e+24 , 4.64221e+27 4.63995e+28 4.66361e+26 , 
-6.40562e+22 -6.40562e+22 -1.375e+24 , 5.1183e+27 5.11581e+28 5.14189e+26 , 
-7.06256e+22 -7.06256e+22 -1.51602e+24 , 5.64321e+27 5.64047e+28 5.66923e+26 , 
-7.78687e+22 -7.78687e+22 -1.6715e+24 , 6.22196e+27 6.21894e+28 6.25065e+26 , 
-8.58547e+22 -8.58547e+22 -1.84292e+24 , 6.86007e+27 6.85673e+28 6.8917e+26 , 
-9.46597e+22 -9.46597e+22 -2.03193e+24 , 7.56362e+27 7.55994e+28 7.59849e+26 , 
-1.04368e+23 -1.04368e+23 -2.24031e+24 , 8.33932e+27 8.33526e+28 8.37776e+26 , 
-1.15071e+23 -1.15071e+23 -2.47007e+24 , 9.19457e+27 9.1901e+28 9.23696e+26 , 
-1.26873e+23 -1.26873e+23 -2.7234e+24 , 1.01375e+28 1.01326e+29 1.01843e+27 , 
-1.39884e+23 -1.39884e+23 -3.0027e+24 , 1.11772e+28 1.11718e+29 1.12287e+27 , 
-1.5423e+23 -1.5423e+23 -3.31065e+24 , 1.23235e+28 1.23175e+29 1.23803e+27 , 
-1.70048e+23 -1.70048e+23 -3.65018e+24 , 1.35874e+28 1.35808e+29 1.365e+27 , 
-1.87487e+23 -1.87487e+23 -4.02453e+24 , 1.49809e+28 1.49736e+29 1.50499e+27 , 
-2.06716e+23 -2.06716e+23 -4.43727e+24 , 1.65172e+28 1.65092e+29 1.65934e+27 , 
-2.27916e+23 -2.27916e+23 -4.89234e+24 , 1.82112e+28 1.82023e+29 1.82952e+27 , 
-2.5129e+23 -2.5129e+23 -5.39408e+24 , 2.00789e+28 2.00691e+29 2.01715e+27 , 
-2.77061e+23 -2.77061e+23 -5.94728e+24 , 2.21381e+28 2.21273e+29 2.22402e+27 , 
-3.05476e+23 -3.05476e+23 -6.55722e+24 , 2.44085e+28 2.43966e+29 2.45211e+27 , 
-3.36805e+23 -3.36805e+23 -7.22971e+24 , 2.69118e+28 2.68987e+29 2.70359e+27 , 
-3.71346e+23 -3.71346e+23 -7.97116e+24 , 2.96718e+28 2.96573e+29 2.98086e+27 , 
-4.0943e+23 -4.0943e+23 -8.78866e+24 , 3.27148e+28 3.26989e+29 3.28656e+27 , 
-4.5142e+23 -4.5142e+23 -9.69e+24 , 3.60699e+28 3.60524e+29 3.62362e+27 , 
-4.97717e+23 -4.97717e+23 -1.06838e+25 , 3.97692e+28 3.97498e+29 3.99525e+27 , 
-5.48761e+23 -5.48761e+23 -1.17795e+25 , 4.38478e+28 4.38264e+29 4.40499e+27 , 
-6.0504e+23 -6.0504e+23 -1.29875e+25 , 4.83447e+28 4.83211e+29 4.85675e+27 , 
-6.67091e+23 -6.67091e+23 -1.43195e+25 , 5.33027e+28 5.32768e+29 5.35485e+27 , 
-7.35506e+23 -7.35506e+23 -1.57881e+25 , 5.87693e+28 5.87407e+29 5.90402e+27 , 
-8.10937e+23 -8.10937e+23 -1.74072e+25 , 6.47965e+28 6.4765e+29 6.50952e+27 , 
-8.94104e+23 -8.94104e+23 -1.91925e+25 , 7.14418e+28 7.14071e+29 7.17712e+27 , 
-9.85801e+23 -9.85801e+23 -2.11608e+25 , 7.87687e+28 7.87303e+29 7.91318e+27 , 
-1.0869e+24 -1.0869e+24 -2.3331e+25 , 8.68469e+28 8.68047e+29 8.72473e+27 , 
-1.19837e+24 -1.19837e+24 -2.57237e+25 , 9.57537e+28 9.57071e+29 9.61951e+27 , 
-1.32127e+24 -1.32127e+24 -2.83619e+25 , 1.05574e+29 1.05523e+30 1.06061e+28 , 
-1.45678e+24 -1.45678e+24 -3.12706e+25 , 1.16401e+29 1.16345e+30 1.16938e+28 , 
-1.60618e+24 -1.60618e+24 -3.44776e+25 , 1.28339e+29 1.28277e+30 1.28931e+28 , 
-1.7709e+24 -1.7709e+24 -3.80135e+25 , 1.41501e+29 1.41432e+30 1.42153e+28 , 
-1.95252e+24 -1.95252e+24 -4.1912e+25 , 1.56013e+29 1.55937e+30 1.56732e+28 , 
-2.15277e+24 -2.15277e+24 -4.62104e+25 , 1.72013e+29 1.71929e+30 1.72806e+28 , 
-2.37355e+24 -2.37355e+24 -5.09496e+25 , 1.89654e+29 1.89562e+30 1.90529e+28 , 
-2.61697e+24 -2.61697e+24 -5.61748e+25 , 2.09105e+29 2.09003e+30 2.10069e+28 , 
-2.88536e+24 -2.88536e+24 -6.19359e+25 , 2.3055e+29 2.30437e+30 2.31613e+28 , 
-3.18127e+24 -3.18127e+24 -6.82879e+25 , 2.54194e+29 2.5407e+30 2.55366e+28 , 
-3.50754e+24 -3.50754e+24 -7.52913e+25 , 2.80264e+29 2.80127e+30 2.81556e+28 , 
-3.86726e+24 -3.86726e+24 -8.30129e+25 , 3.09006e+29 3.08856e+30 3.10431e+28 , 
-4.26387e+24 -4.26387e+24 -9.15265e+25 , 3.40697e+29 3.40531e+30 3.42268e+28 , 
-4.70116e+24 -4.70116e+24 -1.00913e+26 , 3.75638e+29 3.75455e+30 3.7737e+28 , 
-5.1833e+24 -5.1833e+24 -1.11262e+26 , 4.14162e+29 4.13961e+30 4.16072e+28 , 
-5.71488e+24 -5.71488e+24 -1.22673e+26 , 4.56637e+29 4.56415e+30 4.58743e+28 , 
-6.30098e+24 -6.30098e+24 -1.35254e+26 , 5.03469e+29 5.03224e+30 5.0579e+28 , 
-6.94719e+24 -6.94719e+24 -1.49125e+26 , 5.55103e+29 5.54833e+30 5.57662e+28 , 
-7.65967e+24 -7.65967e+24 -1.64419e+26 , 6.12033e+29 6.11735e+30 6.14854e+28 , 
-8.44522e+24 -8.44522e+24 -1.81282e+26 , 6.74801e+29 6.74472e+30 6.77912e+28 , 
-9.31134e+24 -9.31134e+24 -1.99873e+26 , 7.44006e+29 7.43644e+30 7.47436e+28 , 
-1.02663e+25 -1.02663e+25 -2.20372e+26 , 8.20309e+29 8.1991e+30 8.24091e+28 , 
-1.13192e+25 -1.13192e+25 -2.42972e+26 , 9.04437e+29 9.03997e+30 9.08607e+28 , 
-1.248e+25 -1.248e+25 -2.67891e+26 , 9.97194e+29 9.96708e+30 1.00179e+29 , 
-1.37599e+25 -1.37599e+25 -2.95365e+26 , 1.09946e+30 1.09893e+31 1.10453e+29 , 
-1.51711e+25 -1.51711e+25 -3.25656e+26 , 1.21222e+30 1.21163e+31 1.21781e+29 , 
-1.6727e+25 -1.6727e+25 -3.59055e+26 , 1.33654e+30 1.33589e+31 1.3427e+29 , 
-1.84425e+25 -1.84425e+25 -3.95878e+26 , 1.47361e+30 1.4729e+31 1.48041e+29 , 
-2.03339e+25 -2.03339e+25 -4.36478e+26 , 1.62474e+30 1.62395e+31 1.63223e+29 , 
-2.24193e+25 -2.24193e+25 -4.81242e+26 , 1.79137e+30 1.7905e+31 1.79963e+29 , 
-2.47185e+25 -2.47185e+25 -5.30597e+26 , 1.97509e+30 1.97413e+31 1.98419e+29 , 
-2.72536e+25 -2.72536e+25 -5.85013e+26 , 2.17765e+30 2.17659e+31 2.18769e+29 , 
-3.00486e+25 -3.00486e+25 -6.4501e+26 , 2.40098e+30 2.39981e+31 2.41205e+29 , 
-3.31303e+25 -3.31303e+25 -7.11161e+26 , 2.64722e+30 2.64593e+31 2.65942e+29 , 
-3.6528e+25 -3.6528e+25 -7.84095e+26 , 2.91871e+30 2.91729e+31 2.93216e+29 , 
-4.02742e+25 -4.02742e+25 -8.64509e+26 , 3.21804e+30 3.21647e+31 3.23288e+29 , 
-4.44046e+25 -4.44046e+25 -9.53171e+26 , 3.54807e+30 3.54635e+31 3.56443e+29 , 
-4.89586e+25 -4.89586e+25 -1.05093e+27 , 3.91195e+30 3.91005e+31 3.92999e+29 , 
-5.39797e+25 -5.39797e+25 -1.1587e+27 , 4.31315e+30 4.31105e+31 4.33304e+29 , 
-5.95157e+25 -5.95157e+25 -1.27754e+27 , 4.75549e+30 4.75318e+31 4.77742e+29 , 
-6.56194e+25 -6.56194e+25 -1.40856e+27 , 5.2432e+30 5.24065e+31 5.26737e+29 , 
-7.23491e+25 -7.23491e+25 -1.55302e+27 , 5.78093e+30 5.77811e+31 5.80758e+29 , 
-7.9769e+25 -7.9769e+25 -1.71229e+27 , 6.3738e+30 6.3707e+31 6.40319e+29 , 
-8.79499e+25 -8.79499e+25 -1.88789e+27 , 7.02748e+30 7.02406e+31 7.05988e+29 , 
-9.69697e+25 -9.69697e+25 -2.08151e+27 , 7.7482e+30 7.74442e+31 7.78392e+29 , 
-1.06915e+26 -1.06915e+26 -2.29498e+27 , 8.54283e+30 8.53867e+31 8.58221e+29 , 
-1.17879e+26 -1.17879e+26 -2.53035e+27 , 9.41895e+30 9.41437e+31 9.46238e+29 , 
-1.29969e+26 -1.29969e+26 -2.78986e+27 , 1.03849e+31 1.03799e+32 1.04328e+30 , 
-1.43298e+26 -1.43298e+26 -3.07597e+27 , 1.145e+31 1.14444e+32 1.15028e+30 , 
-1.57994e+26 -1.57994e+26 -3.39144e+27 , 1.26242e+31 1.26181e+32 1.26825e+30 , 
-1.74198e+26 -1.74198e+26 -3.73925e+27 , 1.3919e+31 1.39122e+32 1.39831e+30 , 
-1.92063e+26 -1.92063e+26 -4.12274e+27 , 1.53464e+31 1.5339e+32 1.54172e+30 , 
-2.1176e+26 -2.1176e+26 -4.54555e+27 , 1.69203e+31 1.69121e+32 1.69983e+30 , 
-2.33478e+26 -2.33478e+26 -5.01173e+27 , 1.86556e+31 1.86465e+32 1.87416e+30 , 
-2.57422e+26 -2.57422e+26 -5.52572e+27 , 2.05689e+31 2.05589e+32 2.06637e+30 , 
-2.83823e+26 -2.83823e+26 -6.09242e+27 , 2.26784e+31 2.26673e+32 2.27829e+30 , 
-3.12931e+26 -3.12931e+26 -6.71724e+27 , 2.50042e+31 2.4992e+32 2.51195e+30 , 
-3.45024e+26 -3.45024e+26 -7.40614e+27 , 2.75685e+31 2.75551e+32 2.76956e+30 , 
-3.80409e+26 -3.80409e+26 -8.16569e+27 , 3.03959e+31 3.03811e+32 3.0536e+30 , 
-4.19422e+26 -4.19422e+26 -9.00314e+27 , 3.35132e+31 3.34969e+32 3.36677e+30 , 
-4.62437e+26 -4.62437e+26 -9.92647e+27 , 3.69502e+31 3.69322e+32 3.71205e+30 , 
-5.09863e+26 -5.09863e+26 -1.09445e+28 , 4.07397e+31 4.07199e+32 4.09275e+30 , 
-5.62153e+26 -5.62153e+26 -1.20669e+28 , 4.49178e+31 4.4896e+32 4.51249e+30 , 
-6.19805e+26 -6.19805e+26 -1.33045e+28 , 4.95244e+31 4.95003e+32 4.97528e+30 , 
-6.83371e+26 -6.83371e+26 -1.46689e+28 , 5.46035e+31 5.45769e+32 5.48553e+30 , 
-7.53455e+26 -7.53455e+26 -1.61733e+28 , 6.02035e+31 6.01742e+32 6.0481e+30 , 
-8.30727e+26 -8.30727e+26 -1.7832e+28 , 6.63778e+31 6.63455e+32 6.66838e+30 , 
-9.15924e+26 -9.15924e+26 -1.96608e+28 , 7.31853e+31 7.31496e+32 7.35227e+30 , 
-1.00986e+27 -1.00986e+27 -2.16772e+28 , 8.06909e+31 8.06516e+32 8.10629e+30 , 
-1.11343e+27 -1.11343e+27 -2.39003e+28 , 8.89663e+31 8.8923e+32 8.93765e+30 , 
-1.22762e+27 -1.22762e+27 -2.63515e+28 , 9.80904e+31 9.80427e+32 9.85426e+30 , 
-1.35352e+27 -1.35352e+27 -2.9054e+28 , 1.0815e+32 1.08098e+33 1.08649e+31 , 
-1.49233e+27 -1.49233e+27 -3.20337e+28 , 1.19242e+32 1.19184e+33 1.19792e+31 , 
-1.64538e+27 -1.64538e+27 -3.53189e+28 , 1.31471e+32 1.31407e+33 1.32077e+31 , 
-1.81412e+27 -1.81412e+27 -3.89412e+28 , 1.44954e+32 1.44884e+33 1.45622e+31 , 
-2.00017e+27 -2.00017e+27 -4.29348e+28 , 1.5982e+32 1.59742e+33 1.60557e+31 , 
-2.2053e+27 -2.2053e+27 -4.73381e+28 , 1.76211e+32 1.76125e+33 1.77023e+31 , 
-2.43147e+27 -2.43147e+27 -5.21929e+28 , 1.94282e+32 1.94188e+33 1.95178e+31 , 
-2.68084e+27 -2.68084e+27 -5.75457e+28 , 2.14207e+32 2.14103e+33 2.15195e+31 , 
-2.95577e+27 -2.95577e+27 -6.34474e+28 , 2.36176e+32 2.36061e+33 2.37265e+31 , 
-3.25891e+27 -3.25891e+27 -6.99544e+28 , 2.60397e+32 2.60271e+33 2.61598e+31 , 
-3.59313e+27 -3.59313e+27 -7.71287e+28 , 2.87103e+32 2.86963e+33 2.88427e+31 , 
-3.96163e+27 -3.96163e+27 -8.50387e+28 , 3.16547e+32 3.16393e+33 3.18007e+31 , 
-4.36793e+27 -4.36793e+27 -9.376e+28 , 3.49011e+32 3.48842e+33 3.5062e+31 , 
-4.81589e+27 -4.81589e+27 -1.03376e+29 , 3.84805e+32 3.84618e+33 3.86579e+31 , 
-5.30979e+27 -5.30979e+27 -1.13978e+29 , 4.24269e+32 4.24063e+33 4.26225e+31 , 
-5.85434e+27 -5.85434e+27 -1.25667e+29 , 4.67781e+32 4.67553e+33 4.69938e+31 , 
-6.45475e+27 -6.45475e+27 -1.38555e+29 , 5.15755e+32 5.15504e+33 5.18133e+31 , 
-7.11673e+27 -7.11673e+27 -1.52765e+29 , 5.68649e+32 5.68373e+33 5.71271e+31 , 
-7.8466e+27 -7.8466e+27 -1.68432e+29 , 6.26968e+32 6.26663e+33 6.29859e+31 , 
-8.65132e+27 -8.65132e+27 -1.85706e+29 , 6.91268e+32 6.90932e+33 6.94455e+31 , 
-9.53857e+27 -9.53857e+27 -2.04751e+29 , 7.62163e+32 7.61792e+33 7.65676e+31 , 
-1.05168e+28 -1.05168e+28 -2.2575e+29 , 8.40328e+32 8.39919e+33 8.44202e+31 , 
-1.15954e+28 -1.15954e+28 -2.48902e+29 , 9.26509e+32 9.26058e+33 9.3078e+31 , 
-1.27846e+28 -1.27846e+28 -2.74428e+29 , 1.02153e+33 1.02103e+34 1.02624e+32 , 
-1.40957e+28 -1.40957e+28 -3.02573e+29 , 1.12629e+33 1.12575e+34 1.13149e+32 , 
-1.55413e+28 -1.55413e+28 -3.33604e+29 , 1.2418e+33 1.2412e+34 1.24753e+32 , 
-1.71352e+28 -1.71352e+28 -3.67817e+29 , 1.36916e+33 1.36849e+34 1.37547e+32 , 
-1.88925e+28 -1.88925e+28 -4.05539e+29 , 1.50957e+33 1.50884e+34 1.51653e+32 , 
-2.08301e+28 -2.08301e+28 -4.4713e+29 , 1.66439e+33 1.66358e+34 1.67207e+32 , 
-2.29664e+28 -2.29664e+28 -4.92986e+29 , 1.83509e+33 1.83419e+34 1.84355e+32 , 
-2.53217e+28 -2.53217e+28 -5.43545e+29 , 2.02329e+33 2.0223e+34 2.03262e+32 , 
-2.79186e+28 -2.79186e+28 -5.9929e+29 , 2.23079e+33 2.2297e+34 2.24107e+32 , 
-3.07819e+28 -3.07819e+28 -6.60751e+29 , 2.45957e+33 2.45838e+34 2.47091e+32 , 
-3.39388e+28 -3.39388e+28 -7.28516e+29 , 2.71182e+33 2.7105e+34 2.72432e+32 , 
-3.74194e+28 -3.74194e+28 -8.0323e+29 , 2.98993e+33 2.98848e+34 3.00372e+32 , 
-4.12571e+28 -4.12571e+28 -8.85607e+29 , 3.29657e+33 3.29497e+34 3.31177e+32 , 
-4.54883e+28 -4.54883e+28 -9.76432e+29 , 3.63466e+33 3.63289e+34 3.65142e+32 , 
-5.01534e+28 -5.01534e+28 -1.07657e+30 , 4.00742e+33 4.00547e+34 4.02589e+32 , 
-5.5297e+28 -5.5297e+28 -1.18698e+30 , 4.41841e+33 4.41626e+34 4.43878e+32 , 
-6.0968e+28 -6.0968e+28 -1.30871e+30 , 4.87154e+33 4.86917e+34 4.894e+32 , 
-6.72207e+28 -6.72207e+28 -1.44293e+30 , 5.37115e+33 5.36854e+34 5.39592e+32 , 
-7.41147e+28 -7.41147e+28 -1.59091e+30 , 5.922e+33 5.91912e+34 5.94931e+32 , 
-8.17157e+28 -8.17157e+28 -1.75407e+30 , 6.52935e+33 6.52617e+34 6.55945e+32 , 
-9.00962e+28 -9.00962e+28 -1.93397e+30 , 7.19897e+33 7.19547e+34 7.23216e+32 , 
-9.93361e+28 -9.93361e+28 -2.13231e+30 , 7.93728e+33 7.93342e+34 7.97387e+32 , 
-1.09524e+29 -1.09524e+29 -2.35099e+30 , 8.7513e+33 8.74704e+34 8.79165e+32 , 
-1.20756e+29 -1.20756e+29 -2.5921e+30 , 9.64881e+33 9.64411e+34 9.69329e+32 , 
-1.33141e+29 -1.33141e+29 -2.85794e+30 , 1.06384e+34 1.06332e+35 1.06874e+33 , 
-1.46795e+29 -1.46795e+29 -3.15104e+30 , 1.17294e+34 1.17237e+35 1.17835e+33 , 
-1.6185e+29 -1.6185e+29 -3.4742e+30 , 1.29323e+34 1.2926e+35 1.29919e+33 , 
-1.78449e+29 -1.78449e+29 -3.8305e+30 , 1.42586e+34 1.42517e+35 1.43244e+33 , 
-1.9675e+29 -1.9675e+29 -4.22335e+30 , 1.57209e+34 1.57133e+35 1.57934e+33 , 
-2.16928e+29 -2.16928e+29 -4.65648e+30 , 1.73332e+34 1.73248e+35 1.74131e+33 , 
-2.39175e+29 -2.39175e+29 -5.13404e+30 , 1.91109e+34 1.91016e+35 1.9199e+33 , 
-2.63704e+29 -2.63704e+29 -5.66057e+30 , 2.10708e+34 2.10606e+35 2.1168e+33 , 
-2.90749e+29 -2.90749e+29 -6.2411e+30 , 2.32318e+34 2.32205e+35 2.33389e+33 , 
-3.20567e+29 -3.20567e+29 -6.88116e+30 , 2.56144e+34 2.56019e+35 2.57325e+33 , 
-3.53444e+29 -3.53444e+29 -7.58687e+30 , 2.82413e+34 2.82276e+35 2.83715e+33 , 
-3.89692e+29 -3.89692e+29 -8.36496e+30 , 3.11376e+34 3.11225e+35 3.12812e+33 , 
-4.29657e+29 -4.29657e+29 -9.22284e+30 , 3.4331e+34 3.43143e+35 3.44893e+33 , 
-4.73722e+29 -4.73722e+29 -1.01687e+31 , 3.78519e+34 3.78335e+35 3.80264e+33 , 
-5.22305e+29 -5.22305e+29 -1.12116e+31 , 4.17339e+34 4.17136e+35 4.19263e+33 , 
-5.75871e+29 -5.75871e+29 -1.23614e+31 , 4.6014e+34 4.59916e+35 4.62261e+33 , 
-6.34931e+29 -6.34931e+29 -1.36292e+31 , 5.0733e+34 5.07083e+35 5.09669e+33 , 
-7.00047e+29 -7.00047e+29 -1.50269e+31 , 5.5936e+34 5.59088e+35 5.61939e+33 , 
-7.71842e+29 -7.71842e+29 -1.6568e+31 , 6.16727e+34 6.16426e+35 6.1957e+33 , 
-8.50999e+29 -8.50999e+29 -1.82672e+31 , 6.79976e+34 6.79645e+35 6.83111e+33 , 
-9.38275e+29 -9.38275e+29 -2.01406e+31 , 7.49712e+34 7.49347e+35 7.53169e+33 , 
-1.0345e+30 -1.0345e+30 -2.22062e+31 , 8.266e+34 8.26198e+35 8.30411e+33 , 
-1.1406e+30 -1.1406e+30 -2.44836e+31 , 9.11374e+34 9.10931e+35 9.15576e+33 , 
-1.25757e+30 -1.25757e+30 -2.69945e+31 , 1.00484e+35 1.00435e+36 1.00947e+34 , 
-1.38655e+30 -1.38655e+30 -2.9763e+31 , 1.1079e+35 1.10736e+36 1.113e+34 , 
-1.52875e+30 -1.52875e+30 -3.28154e+31 , 1.22152e+35 1.22092e+36 1.22715e+34 , 
-1.68553e+30 -1.68553e+30 -3.61809e+31 , 1.34679e+35 1.34614e+36 1.353e+34 , 
-1.85839e+30 -1.85839e+30 -3.98915e+31 , 1.48492e+35 1.48419e+36 1.49176e+34 , 
-2.04898e+30 -2.04898e+30 -4.39826e+31 , 1.6372e+35 1.63641e+36 1.64475e+34 , 
-2.25912e+30 -2.25912e+30 -4.84933e+31 , 1.80511e+35 1.80423e+36 1.81343e+34 , 
-2.49081e+30 -2.49081e+30 -5.34666e+31 , 1.99024e+35 1.98927e+36 1.99941e+34 , 
-2.74626e+30 -2.74626e+30 -5.895e+31 , 2.19435e+35 2.19328e+36 2.20447e+34 , 
-3.02791e+30 -3.02791e+30 -6.49957e+31 , 2.41939e+35 2.41822e+36 2.43055e+34 , 
-3.33844e+30 -3.33844e+30 -7.16615e+31 , 2.66752e+35 2.66622e+36 2.67982e+34 , 
-3.68082e+30 -3.68082e+30 -7.90109e+31 , 2.94109e+35 2.93966e+36 2.95465e+34 , 
-4.05831e+30 -4.05831e+30 -8.7114e+31 , 3.24272e+35 3.24114e+36 3.25767e+34 , 
-4.47452e+30 -4.47452e+30 -9.60481e+31 , 3.57529e+35 3.57355e+36 3.59177e+34 , 
-4.93341e+30 -4.93341e+30 -1.05899e+32 , 3.94196e+35 3.94004e+36 3.96013e+34 , 
-5.43937e+30 -5.43937e+30 -1.16759e+32 , 4.34623e+35 4.34411e+36 4.36627e+34 , 
-5.99721e+30 -5.99721e+30 -1.28734e+32 , 4.79197e+35 4.78963e+36 4.81406e+34 , 
-6.61227e+30 -6.61227e+30 -1.41936e+32 , 5.28341e+35 5.28084e+36 5.30777e+34 , 
-7.2904e+30 -7.2904e+30 -1.56493e+32 , 5.82526e+35 5.82243e+36 5.85212e+34 , 
-8.03808e+30 -8.03808e+30 -1.72542e+32 , 6.42269e+35 6.41956e+36 6.4523e+34 , 
-8.86244e+30 -8.86244e+30 -1.90237e+32 , 7.08138e+35 7.07793e+36 7.11402e+34 , 
-9.77134e+30 -9.77134e+30 -2.09748e+32 , 7.80762e+35 7.80382e+36 7.84362e+34 , 
-1.07735e+31 -1.07735e+31 -2.31259e+32 , 8.60835e+35 8.60416e+36 8.64803e+34 , 
-1.18784e+31 -1.18784e+31 -2.54976e+32 , 9.49119e+35 9.48657e+36 9.53495e+34 , 
-1.30966e+31 -1.30966e+31 -2.81125e+32 , 1.04646e+36 1.04595e+37 1.05128e+35 , 
-1.44397e+31 -1.44397e+31 -3.09957e+32 , 1.15378e+36 1.15322e+37 1.1591e+35 , 
-1.59206e+31 -1.59206e+31 -3.41745e+32 , 1.27211e+36 1.27149e+37 1.27797e+35 , 
-1.75534e+31 -1.75534e+31 -3.76793e+32 , 1.40257e+36 1.40189e+37 1.40904e+35 , 
-1.93536e+31 -1.93536e+31 -4.15436e+32 , 1.54641e+36 1.54566e+37 1.55354e+35 , 
-2.13384e+31 -2.13384e+31 -4.58042e+32 , 1.70501e+36 1.70418e+37 1.71287e+35 , 
-2.35268e+31 -2.35268e+31 -5.05017e+32 , 1.87987e+36 1.87895e+37 1.88854e+35 , 
-2.59397e+31 -2.59397e+31 -5.5681e+32 , 2.07266e+36 2.07165e+37 2.08222e+35 , 
-2.86e+31 -2.86e+31 -6.13914e+32 , 2.28523e+36 2.28412e+37 2.29576e+35 , 
-3.15331e+31 -3.15331e+31 -6.76876e+32 , 2.51959e+36 2.51837e+37 2.53121e+35 , 
-3.4767e+31 -3.4767e+31 -7.46294e+32 , 2.778e+36 2.77664e+37 2.7908e+35 , 
-3.83326e+31 -3.83326e+31 -8.22831e+32 , 3.0629e+36 3.06141e+37 3.07702e+35 , 
-4.22639e+31 -4.22639e+31 -9.07218e+32 , 3.37702e+36 3.37538e+37 3.39259e+35 , 
-4.65983e+31 -4.65983e+31 -1.00026e+33 , 3.72336e+36 3.72155e+37 3.74052e+35 , 
-5.13773e+31 -5.13773e+31 -1.10284e+33 , 4.10521e+36 4.10322e+37 4.12414e+35 , 
-5.66464e+31 -5.66464e+31 -1.21595e+33 , 4.52623e+36 4.52403e+37 4.5471e+35 , 
-6.24559e+31 -6.24559e+31 -1.34065e+33 , 4.99043e+36 4.988e+37 5.01343e+35 , 
-6.88612e+31 -6.88612e+31 -1.47814e+33 , 5.50223e+36 5.49955e+37 5.5276e+35 , 
-7.59233e+31 -7.59233e+31 -1.62974e+33 , 6.06652e+36 6.06357e+37 6.09449e+35 , 
-8.37098e+31 -8.37098e+31 -1.79688e+33 , 6.68868e+36 6.68543e+37 6.71952e+35 , 
-9.22948e+31 -9.22948e+31 -1.98116e+33 , 7.37465e+36 7.37107e+37 7.40865e+35 , 
-1.0176e+32 -1.0176e+32 -2.18434e+33 , 8.13098e+36 8.12702e+37 8.16846e+35 , 
-1.12197e+32 -1.12197e+32 -2.40836e+33 , 8.96486e+36 8.9605e+37 9.00619e+35 , 
-1.23703e+32 -1.23703e+32 -2.65536e+33 , 9.88427e+36 9.87946e+37 9.92984e+35 , 
-1.3639e+32 -1.3639e+32 -2.92768e+33 , 1.0898e+37 1.08927e+38 1.09482e+36 , 
-1.50377e+32 -1.50377e+32 -3.22794e+33 , 1.20156e+37 1.20098e+38 1.2071e+36 , 
-1.658e+32 -1.658e+32 -3.55898e+33 , 1.32479e+37 1.32415e+38 1.3309e+36 , 
-1.82803e+32 -1.82803e+32 -3.92398e+33 , 1.46066e+37 1.45995e+38 1.46739e+36 , 
-2.01551e+32 -2.01551e+32 -4.32641e+33 , 1.61046e+37 1.60968e+38 1.61788e+36 , 
-2.22222e+32 -2.22222e+32 -4.77012e+33 , 1.77562e+37 1.77476e+38 1.78381e+36 , 
-2.45012e+32 -2.45012e+32 -5.25932e+33 , 1.95773e+37 1.95677e+38 1.96675e+36 , 
-2.7014e+32 -2.7014e+32 -5.7987e+33 , 2.1585e+37 2.15745e+38 2.16845e+36 , 
-2.97844e+32 -2.97844e+32 -6.3934e+33 , 2.37987e+37 2.37871e+38 2.39084e+36 , 
-3.2839e+32 -3.2839e+32 -7.04909e+33 , 2.62394e+37 2.62267e+38 2.63604e+36 , 
-3.62069e+32 -3.62069e+32 -7.77202e+33 , 2.89305e+37 2.89164e+38 2.90639e+36 , 
-3.99202e+32 -3.99202e+32 -8.56909e+33 , 3.18975e+37 3.1882e+38 3.20446e+36 , 
-4.40143e+32 -4.40143e+32 -9.44791e+33 , 3.51688e+37 3.51517e+38 3.5331e+36 , 
-4.85282e+32 -4.85282e+32 -1.04169e+34 , 3.87756e+37 3.87567e+38 3.89544e+36 , 
-5.35051e+32 -5.35051e+32 -1.14852e+34 , 4.27523e+37 4.27315e+38 4.29494e+36 , 
-5.89924e+32 -5.89924e+32 -1.26631e+34 , 4.71369e+37 4.71139e+38 4.73542e+36 , 
-6.50425e+32 -6.50425e+32 -1.39618e+34 , 5.19711e+37 5.19458e+38 5.22107e+36 , 
-7.17131e+32 -7.17131e+32 -1.53936e+34 , 5.73011e+37 5.72732e+38 5.75652e+36 , 
-7.90677e+32 -7.90677e+32 -1.69723e+34 , 6.31777e+37 6.31469e+38 6.3469e+36 , 
-8.71767e+32 -8.71767e+32 -1.8713e+34 , 6.9657e+37 6.96231e+38 6.99781e+36 , 
-9.61173e+32 -9.61173e+32 -2.06321e+34 , 7.68008e+37 7.67634e+38 7.71549e+36 , 
-1.05975e+33 -1.05975e+33 -2.27481e+34 , 8.46772e+37 8.4636e+38 8.50676e+36 , 
-1.16843e+33 -1.16843e+33 -2.50811e+34 , 9.33615e+37 9.3316e+38 9.37919e+36 , 
-1.28826e+33 -1.28826e+33 -2.76533e+34 , 1.02936e+38 1.02886e+39 1.03411e+37 , 
-1.42038e+33 -1.42038e+33 -3.04893e+34 , 1.13493e+38 1.13438e+39 1.14016e+37 , 
-1.56605e+33 -1.56605e+33 -3.36162e+34 , 1.25133e+38 1.25072e+39 1.2571e+37 , 
-1.72666e+33 -1.72666e+33 -3.70638e+34 , 1.37966e+38 1.37899e+39 1.38602e+37 , 
-1.90374e+33 -1.90374e+33 -4.08649e+34 , 1.52115e+38 1.52041e+39 1.52817e+37 , 
-2.09899e+33 -2.09899e+33 -4.50559e+34 , 1.67716e+38 1.67634e+39 1.68489e+37 , 
-2.31425e+33 -2.31425e+33 -4.96767e+34 , 1.84916e+38 1.84826e+39 1.85769e+37 , 
-2.55159e+33 -2.55159e+33 -5.47714e+34 , 2.03881e+38 2.03781e+39 2.0482e+37 , 
-2.81328e+33 -2.81328e+33 -6.03886e+34 , 2.2479e+38 2.2468e+39 2.25826e+37 , 
-3.1018e+33 -3.1018e+33 -6.65819e+34 , 2.47844e+38 2.47723e+39 2.48986e+37 , 
-3.41991e+33 -3.41991e+33 -7.34103e+34 , 2.73262e+38 2.73129e+39 2.74522e+37 , 
-3.77064e+33 -3.77064e+33 -8.0939e+34 , 3.01287e+38 3.0114e+39 3.02676e+37 , 
-4.15735e+33 -4.15735e+33 -8.92399e+34 , 3.32186e+38 3.32024e+39 3.33717e+37 , 
-4.58371e+33 -4.58371e+33 -9.8392e+34 , 3.66253e+38 3.66075e+39 3.67942e+37 , 
-5.0538e+33 -5.0538e+33 -1.08483e+35 , 4.03815e+38 4.03619e+39 4.05677e+37 , 
-5.57211e+33 -5.57211e+33 -1.19608e+35 , 4.45229e+38 4.45013e+39 4.47282e+37 , 
-6.14356e+33 -6.14356e+33 -1.31875e+35 , 4.90891e+38 4.90652e+39 4.93154e+37 , 
-6.77363e+33 -6.77363e+33 -1.454e+35 , 5.41235e+38 5.40971e+39 5.4373e+37 , 
-7.46831e+33 -7.46831e+33 -1.60312e+35 , 5.96742e+38 5.96452e+39 5.99493e+37 , 
-8.23424e+33 -8.23424e+33 -1.76753e+35 , 6.57942e+38 6.57622e+39 6.60976e+37 , 
-9.07871e+33 -9.07871e+33 -1.9488e+35 , 7.25419e+38 7.25066e+39 7.28763e+37 , 
-1.00098e+34 -1.00098e+34 -2.14866e+35 , 7.99815e+38 7.99426e+39 8.03503e+37 , 
-1.10364e+34 -1.10364e+34 -2.36902e+35 , 8.81842e+38 8.81413e+39 8.85908e+37 , 
-1.21682e+34 -1.21682e+34 -2.61198e+35 , 9.72281e+38 9.71808e+39 9.76763e+37 , 
-1.34162e+34 -1.34162e+34 -2.87986e+35 , 1.07199e+39 1.07147e+40 1.07694e+38 , 
-1.47921e+34 -1.47921e+34 -3.17521e+35 , 1.18194e+39 1.18136e+40 1.18738e+38 , 
-1.63091e+34 -1.63091e+34 -3.50085e+35 , 1.30315e+39 1.30252e+40 1.30916e+38 , 
-1.79817e+34 -1.79817e+34 -3.85988e+35 , 1.4368e+39 1.4361e+40 1.44342e+38 , 
-1.98259e+34 -1.98259e+34 -4.25574e+35 , 1.58415e+39 1.58338e+40 1.59146e+38 , 
-2.18592e+34 -2.18592e+34 -4.69219e+35 , 1.74662e+39 1.74577e+40 1.75467e+38 , 
-2.4101e+34 -2.4101e+34 -5.17341e+35 , 1.92574e+39 1.92481e+40 1.93462e+38 , 
-2.65727e+34 -2.65727e+34 -5.70398e+35 , 2.12324e+39 2.12221e+40 2.13303e+38 , 
-2.92979e+34 -2.92979e+34 -6.28896e+35 , 2.341e+39 2.33986e+40 2.35179e+38 , 
-3.23026e+34 -3.23026e+34 -6.93394e+35 , 2.58108e+39 2.57983e+40 2.59298e+38 , 
-3.56154e+34 -3.56154e+34 -7.64506e+35 , 2.84579e+39 2.8444e+40 2.85891e+38 , 
-3.92681e+34 -3.92681e+34 -8.42911e+35 , 3.13764e+39 3.13612e+40 3.15211e+38 , 
-4.32953e+34 -4.32953e+34 -9.29358e+35 , 3.45943e+39 3.45775e+40 3.47538e+38 , 
-4.77355e+34 -4.77355e+34 -1.02467e+36 , 3.81422e+39 3.81236e+40 3.8318e+38 , 
-5.26311e+34 -5.26311e+34 -1.12976e+36 , 4.20539e+39 4.20335e+40 4.22478e+38 , 
-5.80288e+34 -5.80288e+34 -1.24562e+36 , 4.63669e+39 4.63443e+40 4.65806e+38 , 
-6.398e+34 -6.398e+34 -1.37337e+36 , 5.11221e+39 5.10972e+40 5.13578e+38 , 
-7.05416e+34 -7.05416e+34 -1.51422e+36 , 5.6365e+39 5.63376e+40 5.66249e+38 , 
-7.77761e+34 -7.77761e+34 -1.66951e+36 , 6.21457e+39 6.21154e+40 6.24322e+38 , 
-8.57526e+34 -8.57526e+34 -1.84073e+36 , 6.85191e+39 6.84858e+40 6.8835e+38 , 
-9.45471e+34 -9.45471e+34 -2.02951e+36 , 7.55462e+39 7.55095e+40 7.58945e+38 , 
-1.04244e+35 -1.04244e+35 -2.23765e+36 , 8.3294e+39 8.32535e+40 8.3678e+38 , 
-1.14934e+35 -1.14934e+35 -2.46714e+36 , 9.18364e+39 9.17917e+40 9.22598e+38 , 
-1.26722e+35 -1.26722e+35 -2.72016e+36 , 1.01255e+40 1.01206e+41 1.01722e+39 , 
-1.39718e+35 -1.39718e+35 -2.99913e+36 , 1.11639e+40 1.11585e+41 1.12154e+39 , 
-1.54047e+35 -1.54047e+35 -3.30671e+36 , 1.23089e+40 1.23029e+41 1.23656e+39 , 
-1.69846e+35 -1.69846e+35 -3.64583e+36 , 1.35712e+40 1.35646e+41 1.36338e+39 , 
-1.87264e+35 -1.87264e+35 -4.01974e+36 , 1.4963e+40 1.49558e+41 1.5032e+39 , 
-2.0647e+35 -2.0647e+35 -4.43199e+36 , 1.64976e+40 1.64896e+41 1.65737e+39 , 
-2.27645e+35 -2.27645e+35 -4.88652e+36 , 1.81895e+40 1.81807e+41 1.82734e+39 , 
-2.50991e+35 -2.50991e+35 -5.38767e+36 , 2.0055e+40 2.00452e+41 2.01475e+39 , 
-2.76732e+35 -2.76732e+35 -5.94021e+36 , 2.21118e+40 2.2101e+41 2.22137e+39 , 
-3.05113e+35 -3.05113e+35 -6.54942e+36 , 2.43795e+40 2.43676e+41 2.44919e+39 , 
-3.36404e+35 -3.36404e+35 -7.22111e+36 , 2.68798e+40 2.68667e+41 2.70037e+39 , 
-3.70905e+35 -3.70905e+35 -7.96168e+36 , 2.96365e+40 2.96221e+41 2.97731e+39 , 
-4.08944e+35 -4.08944e+35 -8.77821e+36 , 3.26759e+40 3.266e+41 3.28266e+39 , 
-4.50884e+35 -4.50884e+35 -9.67848e+36 , 3.60271e+40 3.60095e+41 3.61932e+39 , 
-4.97125e+35 -4.97125e+35 -1.06711e+37 , 3.97219e+40 3.97025e+41 3.9905e+39 , 
-5.48108e+35 -5.48108e+35 -1.17655e+37 , 4.37956e+40 4.37743e+41 4.39975e+39 , 
-6.04321e+35 -6.04321e+35 -1.29721e+37 , 4.82872e+40 4.82637e+41 4.85098e+39 , 
-6.66298e+35 -6.66298e+35 -1.43025e+37 , 5.32394e+40 5.32134e+41 5.34848e+39 , 
-7.34631e+35 -7.34631e+35 -1.57693e+37 , 5.86994e+40 5.86708e+41 5.897e+39 , 
-8.09973e+35 -8.09973e+35 -1.73865e+37 , 6.47194e+40 6.46879e+41 6.50178e+39 , 
-8.93041e+35 -8.93041e+35 -1.91696e+37 , 7.13569e+40 7.13221e+41 7.16858e+39 , 
-9.84629e+35 -9.84629e+35 -2.11356e+37 , 7.8675e+40 7.86367e+41 7.90377e+39 , 
-1.08561e+36 -1.08561e+36 -2.33032e+37 , 8.67437e+40 8.67015e+41 8.71436e+39 , 
-1.19695e+36 -1.19695e+36 -2.56931e+37 , 9.56398e+40 9.55933e+41 9.60808e+39 , 
-1.3197e+36 -1.3197e+36 -2.83281e+37 , 1.05448e+41 1.05397e+42 1.05935e+40 , 
-1.45504e+36 -1.45504e+36 -3.12334e+37 , 1.16263e+41 1.16206e+42 1.16799e+40 , 
-1.60427e+36 -1.60427e+36 -3.44366e+37 , 1.28186e+41 1.28124e+42 1.28777e+40 , 
-1.7688e+36 -1.7688e+36 -3.79683e+37 , 1.41333e+41 1.41264e+42 1.41984e+40 , 
-1.9502e+36 -1.9502e+36 -4.18622e+37 , 1.55827e+41 1.55752e+42 1.56546e+40 , 
-2.15021e+36 -2.15021e+36 -4.61554e+37 , 1.71809e+41 1.71725e+42 1.72601e+40 , 
-2.37073e+36 -2.37073e+36 -5.0889e+37 , 1.89429e+41 1.89337e+42 1.90302e+40 , 
-2.61386e+36 -2.61386e+36 -5.6108e+37 , 2.08856e+41 2.08754e+42 2.09819e+40 , 
-2.88193e+36 -2.88193e+36 -6.18623e+37 , 2.30276e+41 2.30163e+42 2.31337e+40 , 
-3.17749e+36 -3.17749e+36 -6.82067e+37 , 2.53892e+41 2.53768e+42 2.55062e+40 , 
-3.50337e+36 -3.50337e+36 -7.52018e+37 , 2.7993e+41 2.79794e+42 2.81221e+40 , 
-3.86266e+36 -3.86266e+36 -8.29142e+37 , 3.08639e+41 3.08489e+42 3.10062e+40 , 
-4.2588e+36 -4.2588e+36 -9.14176e+37 , 3.40292e+41 3.40126e+42 3.41861e+40 , 
-4.69557e+36 -4.69557e+36 -1.00793e+38 , 3.75191e+41 3.75009e+42 3.76921e+40 , 
-5.17713e+36 -5.17713e+36 -1.1113e+38 , 4.1367e+41 4.13468e+42 4.15577e+40 , 
-5.70809e+36 -5.70809e+36 -1.22527e+38 , 4.56094e+41 4.55873e+42 4.58197e+40 , 
-6.29349e+36 -6.29349e+36 -1.35093e+38 , 5.0287e+41 5.02625e+42 5.05188e+40 , 
-6.93893e+36 -6.93893e+36 -1.48948e+38 , 5.54443e+41 5.54173e+42 5.56999e+40 , 
-7.65056e+36 -7.65056e+36 -1.64224e+38 , 6.11305e+41 6.11007e+42 6.14123e+40 , 
-8.43518e+36 -8.43518e+36 -1.81066e+38 , 6.73998e+41 6.7367e+42 6.77106e+40 , 
-9.30027e+36 -9.30027e+36 -1.99636e+38 , 7.43121e+41 7.4276e+42 7.46547e+40 , 
-1.02541e+37 -1.02541e+37 -2.2011e+38 , 8.19334e+41 8.18935e+42 8.23111e+40 , 
-1.13057e+37 -1.13057e+37 -2.42683e+38 , 9.03362e+41 9.02922e+42 9.07527e+40 , 
-1.24652e+37 -1.24652e+37 -2.67572e+38 , 9.96008e+41 9.95523e+42 1.0006e+41 , 
-1.37436e+37 -1.37436e+37 -2.95014e+38 , 1.09816e+42 1.09762e+43 1.10322e+41 , 
-1.51531e+37 -1.51531e+37 -3.25269e+38 , 1.21078e+42 1.21019e+43 1.21636e+41 , 
-1.67071e+37 -1.67071e+37 -3.58628e+38 , 1.33495e+42 1.3343e+43 1.34111e+41 , 
-1.84205e+37 -1.84205e+37 -3.95408e+38 , 1.47186e+42 1.47114e+43 1.47865e+41 , 
-2.03097e+37 -2.03097e+37 -4.35959e+38 , 1.62281e+42 1.62202e+43 1.63029e+41 , 
-2.23926e+37 -2.23926e+37 -4.8067e+38 , 1.78924e+42 1.78837e+43 1.79749e+41 , 
-2.46891e+37 -2.46891e+37 -5.29966e+38 , 1.97274e+42 1.97178e+43 1.98183e+41 , 
-2.72211e+37 -2.72211e+37 -5.84318e+38 , 2.17506e+42 2.174e+43 2.18509e+41 , 
-3.00129e+37 -3.00129e+37 -6.44243e+38 , 2.39812e+42 2.39696e+43 2.40918e+41 , 
-3.30909e+37 -3.30909e+37 -7.10315e+38 , 2.64407e+42 2.64278e+43 2.65626e+41 , 
-3.64846e+37 -3.64846e+37 -7.83163e+38 , 2.91524e+42 2.91382e+43 2.92868e+41 , 
-4.02263e+37 -4.02263e+37 -8.63481e+38 , 3.21421e+42 3.21265e+43 3.22903e+41 , 
-4.43518e+37 -4.43518e+37 -9.52037e+38 , 3.54385e+42 3.54213e+43 3.56019e+41 , 
-4.89004e+37 -4.89004e+37 -1.04968e+39 , 3.9073e+42 3.9054e+43 3.92531e+41 , 
-5.39155e+37 -5.39155e+37 -1.15733e+39 , 4.30802e+42 4.30592e+43 4.32788e+41 , 
-5.94449e+37 -5.94449e+37 -1.27602e+39 , 4.74984e+42 4.74753e+43 4.77174e+41 , 
-6.55414e+37 -6.55414e+37 -1.40688e+39 , 5.23697e+42 5.23442e+43 5.26111e+41 , 
-7.22631e+37 -7.22631e+37 -1.55117e+39 , 5.77405e+42 5.77124e+43 5.80067e+41 , 
-7.96742e+37 -7.96742e+37 -1.71025e+39 , 6.36622e+42 6.36312e+43 6.39557e+41 , 
-8.78453e+37 -8.78453e+37 -1.88565e+39 , 7.01912e+42 7.01571e+43 7.05148e+41 , 
-9.68544e+37 -9.68544e+37 -2.07904e+39 , 7.73898e+42 7.73522e+43 7.77466e+41 , 
-1.06788e+38 -1.06788e+38 -2.29226e+39 , 8.53267e+42 8.52852e+43 8.57201e+41 , 
-1.17739e+38 -1.17739e+38 -2.52734e+39 , 9.40775e+42 9.40317e+43 9.45112e+41 , 
-1.29814e+38 -1.29814e+38 -2.78654e+39 , 1.03726e+43 1.03675e+44 1.04204e+42 , 
-1.43128e+38 -1.43128e+38 -3.07232e+39 , 1.14364e+43 1.14308e+44 1.14891e+42 , 
-1.57806e+38 -1.57806e+38 -3.3874e+39 , 1.26092e+43 1.26031e+44 1.26674e+42 , 
-1.7399e+38 -1.7399e+38 -3.73481e+39 , 1.39024e+43 1.38956e+44 1.39665e+42 , 
-1.91834e+38 -1.91834e+38 -4.11784e+39 , 1.53282e+43 1.53207e+44 1.53989e+42 , 
-2.11508e+38 -2.11508e+38 -4.54015e+39 , 1.69002e+43 1.6892e+44 1.69781e+42 , 
-2.332e+38 -2.332e+38 -5.00577e+39 , 1.86334e+43 1.86244e+44 1.87193e+42 , 
-2.57116e+38 -2.57116e+38 -5.51915e+39 , 2.05444e+43 2.05344e+44 2.06391e+42 , 
-2.83485e+38 -2.83485e+38 -6.08517e+39 , 2.26514e+43 2.26404e+44 2.27558e+42 , 
-3.12559e+38 -3.12559e+38 -6.70925e+39 , 2.49744e+43 2.49623e+44 2.50896e+42 , 
-3.44614e+38 -3.44614e+38 -7.39733e+39 , 2.75357e+43 2.75223e+44 2.76627e+42 , 
-3.79956e+38 -3.79956e+38 -8.15598e+39 , 3.03597e+43 3.0345e+44 3.04997e+42 , 
-4.18923e+38 -4.18923e+38 -8.99243e+39 , 3.34733e+43 3.3457e+44 3.36276e+42 , 
-4.61887e+38 -4.61887e+38 -9.91466e+39 , 3.69062e+43 3.68883e+44 3.70764e+42 , 
-5.09256e+38 -5.09256e+38 -1.09315e+40 , 4.06912e+43 4.06714e+44 4.08788e+42 , 
-5.61484e+38 -5.61484e+38 -1.20526e+40 , 4.48644e+43 4.48426e+44 4.50712e+42 , 
-6.19068e+38 -6.19068e+38 -1.32887e+40 , 4.94655e+43 4.94415e+44 4.96936e+42 , 
-6.82558e+38 -6.82558e+38 -1.46515e+40 , 5.45386e+43 5.4512e+44 5.479e+42 , 
-7.52559e+38 -7.52559e+38 -1.61541e+40 , 6.01319e+43 6.01026e+44 6.04091e+42 , 
-8.29739e+38 -8.29739e+38 -1.78108e+40 , 6.62988e+43 6.62666e+44 6.66045e+42 , 
-9.14834e+38 -9.14834e+38 -1.96374e+40 , 7.30982e+43 7.30627e+44 7.34352e+42 , 
-1.00866e+39 -1.00866e+39 -2.16514e+40 , 8.0595e+43 8.05557e+44 8.09665e+42 , 
-1.1121e+39 -1.1121e+39 -2.38719e+40 , 8.88605e+43 8.88173e+44 8.92702e+42 , 
-1.22616e+39 -1.22616e+39 -2.63201e+40 , 9.79738e+43 9.79261e+44 9.84255e+42 , 
-1.35191e+39 -1.35191e+39 -2.90194e+40 , 1.08022e+44 1.07969e+45 1.0852e+43 , 
-1.49055e+39 -1.49055e+39 -3.19956e+40 , 1.191e+44 1.19042e+45 1.19649e+43 , 
-1.64342e+39 -1.64342e+39 -3.52769e+40 , 1.31315e+44 1.31251e+45 1.3192e+43 , 
-1.81196e+39 -1.81196e+39 -3.88948e+40 , 1.44782e+44 1.44711e+45 1.45449e+43 , 
-1.99779e+39 -1.99779e+39 -4.28838e+40 , 1.5963e+44 1.59552e+45 1.60366e+43 , 
-2.20268e+39 -2.20268e+39 -4.72818e+40 , 1.76001e+44 1.75916e+45 1.76813e+43 , 
-2.42858e+39 -2.42858e+39 -5.21309e+40 , 1.94051e+44 1.93957e+45 1.94946e+43 , 
-2.67765e+39 -2.67765e+39 -5.74773e+40 , 2.13953e+44 2.13849e+45 2.14939e+43 , 
-2.95226e+39 -2.95226e+39 -6.33719e+40 , 2.35895e+44 2.3578e+45 2.36983e+43 , 
-3.25503e+39 -3.25503e+39 -6.98712e+40 , 2.60088e+44 2.59961e+45 2.61287e+43 , 
-3.58886e+39 -3.58886e+39 -7.70369e+40 , 2.86762e+44 2.86622e+45 2.88084e+43 , 
-3.95692e+39 -3.95692e+39 -8.49376e+40 , 3.16171e+44 3.16017e+45 3.17629e+43 , 
-4.36273e+39 -4.36273e+39 -9.36485e+40 , 3.48596e+44 3.48427e+45 3.50204e+43 , 
-4.81016e+39 -4.81016e+39 -1.03253e+41 , 3.84347e+44 3.8416e+45 3.86119e+43 , 
-5.30347e+39 -5.30347e+39 -1.13842e+41 , 4.23765e+44 4.23559e+45 4.25718e+43 , 
-5.84738e+39 -5.84738e+39 -1.25517e+41 , 4.67225e+44 4.66997e+45 4.69379e+43 , 
-6.44707e+39 -6.44707e+39 -1.3839e+41 , 5.15142e+44 5.14891e+45 5.17517e+43 , 
-7.10826e+39 -7.10826e+39 -1.52583e+41 , 5.67973e+44 5.67697e+45 5.70592e+43 , 
-7.83726e+39 -7.83726e+39 -1.68231e+41 , 6.26223e+44 6.25918e+45 6.2911e+43 , 
-8.64103e+39 -8.64103e+39 -1.85485e+41 , 6.90446e+44 6.9011e+45 6.93629e+43 , 
-9.52723e+39 -9.52723e+39 -2.04507e+41 , 7.61256e+44 7.60886e+45 7.64766e+43 , 
-1.05043e+40 -1.05043e+40 -2.25481e+41 , 8.39328e+44 8.3892e+45 8.43198e+43 , 
-1.15816e+40 -1.15816e+40 -2.48606e+41 , 9.25407e+44 9.24957e+45 9.29674e+43 , 
-1.27694e+40 -1.27694e+40 -2.74102e+41 , 1.02031e+45 1.01982e+46 1.02502e+44 , 
-1.4079e+40 -1.4079e+40 -3.02213e+41 , 1.12495e+45 1.12441e+46 1.13014e+44 , 
-1.55229e+40 -1.55229e+40 -3.33207e+41 , 1.24033e+45 1.23972e+46 1.24604e+44 , 
-1.71148e+40 -1.71148e+40 -3.6738e+41 , 1.36753e+45 1.36686e+46 1.37383e+44 , 
-1.88701e+40 -1.88701e+40 -4.05057e+41 , 1.50778e+45 1.50705e+46 1.51473e+44 , 
-2.08053e+40 -2.08053e+40 -4.46598e+41 , 1.66241e+45 1.6616e+46 1.67008e+44 , 
-2.29391e+40 -2.29391e+40 -4.924e+41 , 1.8329e+45 1.83201e+46 1.84135e+44 , 
-2.52916e+40 -2.52916e+40 -5.42899e+41 , 2.02088e+45 2.0199e+46 2.0302e+44 , 
-2.78854e+40 -2.78854e+40 -5.98577e+41 , 2.22814e+45 2.22705e+46 2.23841e+44 , 
